197
-2373.205977
-2432.081769
-2429.291704
-2425.952679
-2444.329296
-2462.414731
-2479.88486
-2487.473082
-2489.461632
-2488.896601
-2489.740802
-2489.391774
-2484.86815
-2479.37381
-2470.365199
-2460.151301
-2452.460229
-2444.189158
-2435.648769
-2428.91686
-2420.989844
-2411.228501
-2396.447131
-2383.515745
-2368.149521
-2357.20864
-2351.440965
-2344.927246
-2333.64381
-2324.531295
-2319.035802
-2315.438252
-2315.383406
-2311.852521
-2309.447367
-2307.632284
-2307.661414
-2309.05375
-2311.92033
-2314.376009
-2317.8633
-2321.403502
-2325.142837
-2330.768419
-2337.11837
-2342.855156
-2353.363938
-2362.976502
-2375.961125
-2388.622218
-2401.767144
-2411.052112
-2421.824992
-2433.25054
-2442.56015
-2449.959271
-2455.548613
-2456.587121
-2459.438652
-2461.465555
-2462.649235
-2461.259266
-2461.410496
-2462.716816
-2465.789563
-2472.062805
-2477.32077
-2481.739046
-2488.014504
-2490.707095
-2490.626357
-2490.742941
-2492.890485
-2492.151033
-2490.670273
-2491.66429
-2486.392835
-2481.899452
-2477.190382
-2473.584197
-2469.777862
-2465.952764
-2462.65236
-2458.929039
-2456.545722
-2453.520011
-2446.531936
-2437.595475
-2428.908583
-2418.440585
-2408.181168
-2396.30332
-2383.518673
-2369.496378
-2355.622923
-2340.677322
-2325.369573
-2311.812087
-2297.156823
-2284.174975
-2271.674861
-2259.11272
-2248.732668
-2239.481637
-2232.617665
-2225.859562
-2220.721241
-2215.34832
-2211.073294
-2207.336855
-2203.689203
-2201.774249
-2200.181092
-2199.816197
-2200.180093
-2199.234697
-2197.397302
-2198.612806
-2200.779657
-2204.427919
-2209.816828
-2217.136594
-2223.969012
-2230.897514
-2239.042787
-2246.833006
-2254.288573
-2261.469248
-2268.327802
-2274.477335
-2281.779846
-2286.70502
-2293.019854
-2301.608939
-2309.073063
-2316.043165
-2320.131774
-2326.746633
-2333.096255
-2337.963708
-2344.536941
-2348.66678
-2352.597603
-2356.163028
-2360.707813
-2365.903296
-2371.982528
-2377.840522
-2385.160835
-2391.620535
-2398.022717
-2404.118637
-2410.593655
-2413.550632
-2413.590784
-2411.147264
-2407.247375
-2407.80977
-2407.395805
-2407.375709
-2407.22951
-2399.885184
-2392.311529
-2388.697183
-2383.792151
-2376.787352
-2368.314721
-2359.873132
-2348.337167
-2335.191012
-2321.003376
-2305.260026
-2289.336351
-2272.869238
-2254.979791
-2236.193991
-2217.649728
-2198.512391
-2179.844743
-2158.967956
-2142.162071
-2127.355646
-2113.391979
-2100.802268
-2087.856801
-2077.757263
-2067.854995
-2056.085681
-2043.12013
-2032.650524
-2023.831927
-2015.398522
-2007.54218
-2001.607512
-1996.090542
-1988.872247
-1980.777601
-1972.682954
-1964.588307
-1958.232284
-1955.754235
-1951.170966
-1950.423221
-1951.774448
-1953.560201
-1953.749185
-1958.771767
-1963.88408
-1969.647489
-1972.990184
-1978.416459
-1984.262841
-1989.371217
-1994.111432
-2000.367024
-2008.870663
-2019.855694
-2031.256125
-2044.385156
-2057.127404
-2069.599605
-2080.751468
-2092.018126
-2105.557232
-2119.372017
-2132.806644
-2146.754732
-2160.450693
-2172.886014
-2185.270453
-2196.976804
-2206.333474
-2214.900191
-2222.196229
-2229.113388
-2234.222144
-2238.453398
-2241.498783
-2243.53503
-2245.109838
-2246.192975
-2246.890663
-2245.878681
-2244.118652
-2240.997623
-2236.517336
-2230.659785
-2224.411039
-2216.91354
-2206.494645
-2195.052165
-2183.656813
-2171.300211
-2159.597771
-2147.104321
-2134.406212
-2121.706129
-2109.724798
-2097.444249
-2085.985707
-2073.319888
-2062.305376
-2053.403659
-2044.12249
-2034.751031
-2024.728989
-2015.073871
-2006.603707
-1998.421764
-1990.753323
-1984.858349
-1980.423971
-1975.596107
-1970.551037
-1969.148705
-1966.176296
-1965.460217
-1964.291662
-1964.620849
-1966.928508
-1968.708956
-1971.146747
-1972.506184
-1976.619489
-1981.863845
-1986.633591
-1990.235386
-1993.256425
-1996.951017
-2003.356029
-2011.757808
-2021.347005
-2032.085712
-2042.409191
-2052.007196
-2061.777392
-2071.959173
-2081.696559
-2089.979165
-2096.194059
-2103.261059
-2109.321707
-2115.290937
-2118.753943
-2121.399155
-2122.860922
-2124.285357
-2125.111392
-2126.991565
-2129.000899
-2128.94647
-2131.323999
-2133.381445
-2134.410309
-2134.501301
-2134.43421
-2134.978331
-2132.403487
-2129.215043
-2123.782189
-2119.092209
-2113.78308
-2106.42648
-2098.847441
-2090.499376
-2082.197084
-2074.094427
-2066.12449
-2059.275804
-2051.740666
-2043.942541
-2037.60419
-2032.25914
-2027.513962
-2021.91116
-2017.0358
-2011.911452
-2006.758843
-2001.111282
-1995.277476
-1988.809455
-1982.875863
-1978.031941
-1972.926478
-1968.300293
-1965.275632
-1963.241178
-1961.308506
-1959.120782
-1958.147044
-1957.849962
-1957.785883
-1956.645024
-1956.261335
-1956.625383
-1956.515608
-1955.462594
-1954.876118
-1953.894391
-1953.143254
-1952.268582
-1953.191489
-1954.765579
-1954.963044
-1956.693877
-1958.652108
-1962.310125
-1965.410069
-1968.196622
-1969.788085
-1971.228682
-1972.227436
-1973.154538
-1973.763352
-1974.039453
-1972.336883
-1972.566209
-1971.186807
-1971.624466
-1970.59842
-1969.668281
-1968.504821
-1968.153234
-1967.365412
-1966.464191
-1965.690719
-1964.135699
-1962.544458
-1961.021262
-1958.620485
-1956.484672
-1953.740187
-1950.903865
-1947.977864
-1944.647119
-1941.174904
-1937.365195
-1933.125959
-1929.235563
-1925.624793
-1922.517763
-1918.962204
-1914.842601
-1909.789248
-1905.440636
-1900.831465
-1896.119014
-1892.000446
-1886.752369
-1882.461258
-1877.777809
-1873.174816
-1868.182643
-1864.018168
-1860.379813
-1856.647857
-1852.776687
-1849.306891
-1845.952117
-1842.189265
-1837.688648
-1833.383131
-1829.37329
-1825.481961
-1821.509378
-1818.108545
-1815.277317
-1811.851218
-1808.459342
-1805.268319
-1802.464265
-1799.99123
-1797.137282
-1794.675244
-1792.660044
-1789.858492
-1786.582486
-1784.15269
-1782.125624
-1779.389346
-1777.319903
-1775.593197
-1773.81109
-1772.105852
-1770.458296
-1769.45096
-1768.042723
-1766.992821
-1766.477931
-1766.597998
-1765.558224
-1764.526363
-1763.229628
-1761.838115
-1760.731703
-1760.190568
-1759.129902
-1758.240568
-1756.926781
-1755.075583
-1754.044757
-1752.412727
-1750.977792
-1749.052676
-1746.287363
-1743.328119
-1739.738954
-1736.574339
-1732.177111
-1728.784818
-1724.654141
-1719.520387
-1715.243584
-1711.196168
-1706.424284
-1702.452722
-1697.760511
-1692.546537
-1688.462764
-1683.376152
-1678.420198
-1673.892067
-1669.097961
-1664.260936
-1659.849794
-1655.36182
-1651.91604
-1648.093325
-1644.868279
-1641.384848
-1637.520924
-1633.727393
-1629.407674
-1625.394311
-1620.727665
-1616.664978
-1613.221241
-1609.980592
-1607.29203
-1604.479814
-1602.173542
-1601.090671
-1599.869744
-1598.456599
-1597.489234
-1597.153977
-1596.743246
-1595.619843
-1594.88753
-1593.669173
-1593.189848
-1593.214063
-1592.958962
-1592.151771
-1592.571222
-1593.293854
-1593.808797
-1594.014495
-1594.058548
-1594.45192
-1593.901506
-1594.128327
-1594.925176
-1594.666579
-1594.735147
-1596.164807
-1596.045474
-1596.117201
-1596.088619
-1596.410375
-1596.54838
-1595.437402
-1593.99785
-1592.391212
-1590.839856
-1589.863267
-1588.800142
-1585.956404
-1583.053384
-1580.757681
-1578.358183
-1575.087122
-1571.159715
-1568.558411
-1565.486189
-1561.91569
-1557.764671
-1552.269471
-1547.781083
-1543.895248
-1539.612748
-1532.85705
-1525.849164
-1518.709386
-1510.534105
-1503.73083
-1497.8548
-1492.255853
-1485.672574
-1479.565185
-1473.550698
-1468.19348
-1462.379672
-1457.295597
-1451.796019
-1446.101666
-1440.826228
-1435.489391
-1430.817846
-1426.909013
-1422.672399
-1419.183659
-1416.275856
-1414.298745
-1411.906255
-1408.523731
-1406.230818
-1404.4077
-1401.510947
-1398.943123
-1397.478445
-1396.006887
-1394.76334
-1393.381532
-1392.312291
-1391.325233
-1390.160919
-1389.107951
-1388.328953
-1387.961043
-1388.987126
-1390.3831
-1391.463099
-1392.076998
-1392.391536
-1392.740306
-1392.588857
-1392.823307
-1393.227525
-1392.970697
-1393.071494
-1392.87363
-1392.425049
-1392.139196
-1391.514267
-1390.611724
-1389.674357
-1388.428844
-1387.8247
-1386.344649
-1384.215276
-1381.411919
-1378.250117
-1374.796962
-1370.94869
-1366.904467
-1362.7738
-1358.537003
-1353.904795
-1348.527002
-1342.827794
-1336.657702
-1330.463094
-1324.99096
-1319.768609
-1314.365923
-1308.586841
-1303.169252
-1297.992597
-1293.061129
-1287.986988
-1283.569689
-1278.73877
-1274.049269
-1270.190237
-1266.597931
-1263.151449
-1259.32237
-1255.988551
-1252.815665
-1249.396077
-1246.074243
-1243.13849
-1239.531845
-1236.385869
-1233.513146
-1231.078251
-1228.640078
-1226.308996
-1223.995536
-1221.6645
-1219.50719
-1217.8475
-1215.868819
-1213.774519
-1211.998942
-1210.797326
-1209.577737
-1207.794196
-1206.717269
-1204.857659
-1203.387891
-1201.227872
-1199.75399
-1198.527031
-1197.505633
-1196.165746
-1194.959157
-1193.133416
-1191.237569
-1189.560136
-1187.944027
-1185.873057
-1184.119107
-1182.70692
-1180.781239
-1179.054071
-1176.617834
-1173.821309
-1171.3285
-1168.404253
-1165.515769
-1162.74959
-1160.365732
-1157.987342
-1155.599378
-1152.364956
-1149.504947
-1146.84922
-1143.962713
-1140.844438
-1137.859002
-1135.19089
-1132.043122
-1128.365907
-1124.330343
-1120.62485
-1117.08766
-1113.145896
-1108.791864
-1105.067862
-1101.343859
-1097.619857
-1093.895854
-1090.069649
-1086.095016
-1082.290552
-1078.486088
-1074.681624
-1070.87716
-1066.873094
-1062.838526
-1058.485362
-1054.424301
-1049.435533
-1044.240426
-1039.298271
-1034.434079
-1029.71682
-1025.157791
-1019.805918
-1014.65783
-1009.740511
-1005.147676
-1001.012875
-996.3403919
-992.5550511
-988.4829338
-984.9902766
-981.6677472
-977.8356317
-974.0522501
-971.8936782
-969.3201556
-966.4267795
-963.9618878
-961.7811451
-959.7073888
-957.6768663
-955.45061
-953.2323576
-951.3156444
-949.2788183
-947.6375319
-946.4050738
-944.587306
-942.2675104
-940.6222369
-939.3350978
-937.4890594
-935.6342613
-933.92745
-932.6026877
-931.0673934
-929.1347175
-927.4902225
-925.8174177
-923.6487897
-921.6671263
-919.7945409
-918.2436226
-916.3164668
-914.4294237
-912.7556642
-911.0676307
-908.8521303
-907.333152
-905.2458915
-902.782435
-900.42435
-898.1257281
-895.343563
-892.6164948
-889.8336303
-887.1743194
-884.8631433
-882.8170287
-880.4309194
-878.1498034
-875.8225135
-873.3733207
-870.7446822
-867.7798751
-865.6120533
-862.5146052
-859.7781023
-857.2831417
-854.8815156
-852.2495612
-849.6999671
-847.3170431
-845.3857867
-843.0726367
-840.472206
-837.8137131
-834.9532259
-832.317503
-829.4383172
-826.379999
-823.1027249
-820.4012834
-817.5059917
-814.5236268
-811.7805438
-808.9317435
-805.7943546
-802.4236477
-799.662653
-796.6366583
-793.3108116
-789.9659322
-786.7589924
-783.9347429
-780.6694463
-777.6881031
-773.9962943
-770.837008
-767.8903793
-765.0123963
-762.0172212
-758.6841138
-755.6985154
-752.8241341
-750.2479042
-747.3811479
-744.8224261
-742.3620011
-739.9538732
-737.6094321
-735.3258843
-733.0856114
-731.1843512
-728.8879231
-726.3990996
-723.985009
-721.6316164
-719.1346965
-716.8323048
-714.5469614
-712.1089735
-709.3689101
-707.112816
-704.9837893
-702.7425229
-700.2890165
-697.8362797
-695.5118726
-693.4839438
-691.172056
-688.9048595
-686.5711433
-684.0425551
-681.0454923
-678.6435561
-676.2411579
-673.4772829
-670.4514459
-668.073036
-665.600296
-662.7696193
-660.0485955
-657.8878256
-655.3308153
-652.5956861
-649.8155699
-647.352267
-644.8621231
-642.5762019
-639.8810855
-637.7808435
-635.9224116
-633.3143644
-631.3024338
-629.0552416
-626.3871788
-623.6988005
-620.9684314
-618.3053707
-614.9181526
-611.5201708
-608.3530897
-605.2453012
-601.882126
-598.1182192
-594.5654094
-590.723068
-586.712818
-583.4803287
-580.2807367
-577.1253162
-573.4411455
-569.8082399
-566.0653792
-562.3963093
-558.635923
-554.9634841
-551.3041125
-547.8328414
-544.5652246
-541.0855515
-537.6720189
-534.4329092
-531.0074533
-527.9890243
-525.5826804
-522.793413
-520.3619273
-517.9249064
-515.205566
-512.3104172
-509.3843983
-506.6013446
-503.7622614
-500.7868799
-497.7120619
-494.6600866
-491.5762018
-488.4398346
-485.1486657
-482.2487679
-479.2713161
-476.7979427
-473.6660121
-470.9204071
-468.3251174
-466.0669364
-463.4006304
-460.7512784
-458.2720349
-456.0611078
-453.6533979
-451.4449707
-449.0521601
-446.951051
-444.9537528
-442.9527114
-440.709637
-438.1022911
-435.678108
-433.2105446
-430.5786464
-428.076398
-425.7172218
-423.2607645
-420.6278793
-418.0628829
-415.5998608
-412.8638861
-409.9795366
-407.4887175
-404.7288395
-401.9514396
-399.1821607
-396.4621189
-393.6603924
-390.7352133
-387.7050478
-384.9433539
-381.9604009
-379.1178832
-375.8268489
-372.3718019
-369.544578
-366.5633226
-363.4513399
-360.372789
-357.4867939
-354.9475131
-351.9168684
-348.8516674
-346.114766
-343.392474
-340.218055
-337.2178089
-334.4365094
-331.45612
-328.2163655
-325.421463
-322.621
-319.6939011
-316.9475744
-314.2884546
-311.1287146
-308.2209636
-305.2260572
-302.0874611
-298.9711091
-295.8996646
-292.9441504
-290.114839
-287.0339107
-283.7888924
-280.4586227
-277.3089637
-273.9003895
-270.4968097
-267.0752814
-263.7799343
-260.4245973
-256.8471307
-253.4858667
-249.8503154
-246.0568738
-242.2872913
-238.6011328
-234.8624236
-231.5809855
-227.9480774
-224.3832707
-220.7734725
-217.5979225
-214.6517024
-211.6311834
-208.6815065
-205.7500712
-202.7707151
-199.7851326
-196.9789354
-194.303165
-191.8293903
-189.4532877
-187.2318844
-185.0416582
-182.7327435
-180.4977459
-178.2415846
-176.2667534
-174.1674794
-172.2055225
-170.3203034
-168.3690336
-166.1122191
-164.0261305
-161.7619187
-159.3541433
-156.7953012
-154.3798353
-152.0903897
-149.7924337
-147.1557823
-144.58685
-141.8345088
-138.9690575
-136.6028014
-134.1595042
-131.3520698
-128.5932021
-125.5106135
-122.4984179
-119.3916571
-116.4437875
-113.4703157
-110.4865804
-107.3259326
-103.9812053
-100.653598
-97.31750168
-93.87948809
-90.41862776
-87.02329623
-83.45595251
-79.9753837
-76.47400094
-72.64225859
-68.87071732
-65.16321326
-61.53666541
-57.88195465
-54.25930114
-50.46976635
-46.80596523
-43.19242134
-39.38176603
-35.63526436
-32.03601899
-28.24920335
-24.51738756
-20.95671275
-17.38844345
-13.82309154
-10.30610251
-6.702212742
-3.198611007
0.11282288
3.347553127
6.61993651
9.9158717
13.22293447
16.33341168
19.49802224
22.71092638
25.72262528
28.81303341
31.57900257
34.19168643
37.00004805
39.78519848
42.63954218
45.52049192
48.41387414
51.20389777
54.03872011
56.85151226
59.75345168
62.6959854
65.63973231
68.52078038
71.30277135
74.24649803
77.29792967
80.27452766
83.26682788
86.29965456
89.32746305
92.52989768
95.7102247
98.90351909
102.1074677
105.3763641
108.6620876
111.9211179
115.2549581
118.6561626
121.919693
125.2306542
128.6403203
132.0616619
135.5266038
139.0850374
142.5592243
146.1831895
149.8195715
153.4229259
157.1321418
160.8183129
164.5512349
168.2898888
171.9991261
175.8026256
179.5780777
183.2893002
187.032561
190.8115785
194.6564931
198.4794439
202.2015926
205.9708845
209.746977
213.5226057
217.2667076
221.025442
224.8369673
228.5827669
232.330868
236.028065
239.7580733
243.4867825
247.3034217
251.0197989
254.6630609
258.2755086
261.9708018
265.68149
269.3723095
273.0778252
276.6583504
280.2537047
283.8697955
287.2355281
290.7437244
294.2778466
297.7576074
301.2429523
304.7183569
308.2142305
311.7193668
315.2434014
318.7331107
322.2509942
325.7903596
329.3990912
332.9590725
336.5601812
340.1799307
343.7887543
347.4273374
351.1064878
354.9093426
358.7529041
362.4969045
366.2054229
369.9139413
373.6224597
377.3309781
381.0394966
384.748015
388.4565334
392.1650518
395.8735702
399.5820886
403.290607
406.9991254
410.7076438
414.4161623
418.1246807
421.8331991
425.5417175
429.2502359
432.9587543
436.6672727
440.3757911
444.0843095
447.792828
451.5013464
455.2098648
458.9183832
462.6269016
466.33542
470.0439384
473.7524568
477.4609753
481.1694937
484.8780121
488.5865305
492.2950489
496.0035673
499.7120857
503.4206041
507.1291225
510.837641
514.5461594
518.2546778
521.9631962
525.6717146
529.380233
533.0887514
536.7972698
540.5057882
544.2143067
547.9228251
551.6313435
555.3398619
559.0483803
562.7568987
566.4654171
570.1739355
573.882454
577.5909724
581.2994908
585.0080092
588.7165276
592.425046
596.1335644
599.8420828
603.5506012
607.2591197
610.9676381
614.6761565
618.3846749
622.0931933
625.8017117
629.5102301
633.2187485
636.9272669
640.6357854
644.3443038
648.0528222
651.7613406
655.469859
659.1783774
662.8868958
666.5954142
670.3039327
674.0124511
677.7209695
681.4294879
685.1380063
688.8465247
692.5550431
696.2635615
699.9720799
703.6805984
707.3891168
711.0976352
714.8061536
718.514672
722.2231904
725.9317088
729.6402272
733.3487456
737.0572641
740.7657825
744.4743009
748.1828193
751.8913377
755.5998561
759.3083745
763.0168929
766.7254114
770.4339298
774.1424482
777.8509666
781.559485
