197
-1178.393256
-1202.138331
-1199.951975
-1196.905511
-1202.179422
-1207.717179
-1213.049136
-1214.518323
-1213.678551
-1211.894935
-1210.63731
-1208.924934
-1205.627477
-1201.99863
-1197.105637
-1191.737248
-1187.392922
-1182.820048
-1178.031213
-1174.033993
-1169.537451
-1164.534073
-1157.872568
-1151.73769
-1144.761544
-1139.513336
-1136.252738
-1132.75318
-1127.432561
-1122.965952
-1119.914719
-1117.430836
-1116.341803
-1114.023099
-1112.131302
-1110.457928
-1109.483527
-1109.080433
-1109.317128
-1109.375006
-1109.750095
-1110.171088
-1110.663441
-1111.82154
-1113.213787
-1114.389447
-1117.31622
-1119.918709
-1123.718944
-1127.365583
-1131.177062
-1133.496628
-1136.381149
-1139.493188
-1141.718892
-1143.213183
-1144.022743
-1143.09685
-1142.853191
-1142.311911
-1141.434104
-1139.550513
-1138.226327
-1137.387722
-1137.069535
-1137.956661
-1138.436613
-1138.634491
-1139.52204
-1139.025041
-1137.574278
-1136.155207
-1135.494936
-1133.798034
-1131.84021
-1130.779178
-1127.419375
-1124.355938
-1121.248644
-1118.556961
-1115.78856
-1112.948012
-1110.176327
-1107.326571
-1104.944868
-1102.347119
-1098.344033
-1093.681527
-1089.083671
-1083.883822
-1078.824465
-1073.152905
-1067.13353
-1060.718187
-1054.398632
-1047.721828
-1040.902741
-1034.755445
-1028.232826
-1022.197137
-1016.388505
-1010.549467
-1005.432961
-1000.698485
-996.8087185
-992.9563436
-989.608557
-986.2170052
-983.2419845
-980.4867458
-977.7563648
-975.6586804
-973.6792735
-972.1859046
-970.9367524
-969.2753925
-967.3749625
-966.500675
-965.8697282
-965.7072256
-966.1816642
-967.3218714
-968.2513689
-969.2351396
-970.6747835
-972.0189544
-973.2618834
-974.3830017
-975.377423
-976.1895129
-977.3295965
-977.7132898
-978.4058643
-979.8816939
-980.9306672
-981.8140058
-981.7516013
-982.4844766
-983.127388
-983.1935773
-983.8327196
-983.6696075
-983.4083565
-983.0231211
-982.9808609
-983.1238227
-983.5493135
-983.8907521
-984.6262857
-985.059605
-985.5207735
-985.87994
-986.4386466
-985.8397237
-984.3098488
-982.0120137
-979.2924177
-977.9539327
-976.3108573
-974.7994201
-973.2568729
-969.3981669
-965.4682935
-962.800283
-959.7050911
-956.0621723
-951.930776
-947.7733312
-942.6435189
-937.0446785
-931.1132346
-924.7365975
-918.2791485
-911.615042
-904.5229146
-897.1825681
-889.8900504
-882.4841498
-875.181418
-867.2887137
-860.6023063
-854.5593202
-848.7356264
-843.2802909
-837.7131349
-833.0060644
-828.3585686
-823.3221659
-817.9416092
-813.385502
-809.3620635
-805.4482166
-801.6578657
-798.4702181
-795.4570592
-791.8835945
-788.0244438
-784.1652931
-780.3061423
-777.0029846
-774.9394736
-772.1948009
-770.6685886
-769.7285837
-768.9814251
-767.7131179
-767.8131842
-767.9574444
-768.3046216
-767.9121096
-768.1073531
-768.422871
-768.5059024
-768.5001789
-768.9226435
-769.9242953
-771.5726473
-773.2611548
-775.4597623
-777.4876489
-779.5354684
-781.2141893
-782.9081957
-785.1710278
-787.4864799
-789.717568
-792.0578746
-794.3030969
-796.1582267
-797.9813383
-799.6131095
-800.5346148
-801.2519236
-801.665144
-801.9568256
-801.6819868
-801.1917618
-800.4697626
-799.5359094
-798.4707761
-797.2896867
-796.0003956
-794.2474984
-792.3753696
-790.1590418
-787.5246811
-784.5181654
-781.4530104
-778.050345
-773.8584317
-769.3783479
-764.9091543
-760.2301278
-755.8445486
-751.2706957
-746.6406755
-742.0302565
-737.6184848
-733.1395992
-728.8411354
-724.2523065
-720.0797107
-716.4549577
-712.7318416
-708.9789406
-705.0314727
-701.208251
-697.6857619
-694.2501761
-690.9060882
-688.0539864
-685.6634008
-683.2108025
-680.6464228
-679.0192343
-677.0043713
-675.6259713
-673.986015
-672.7571812
-672.1235171
-671.3409535
-670.7167208
-669.8227412
-669.7695496
-669.9572222
-670.0261524
-669.8153602
-669.4093775
-669.1711241
-669.6475784
-670.6621566
-672.0129698
-673.6988158
-675.2966092
-676.7488753
-678.2359311
-679.8362416
-681.3185463
-682.4872674
-683.1779562
-684.0896938
-684.7487783
-685.3457997
-685.3284809
-685.1620975
-684.6867834
-684.2464438
-683.6645713
-683.3528422
-683.0567666
-682.3105354
-682.0879946
-681.7388123
-681.1076535
-680.2502433
-679.3534805
-678.5508355
-676.997595
-675.3053833
-673.0441049
-671.0347164
-668.8100248
-666.0708465
-663.2247488
-660.2097016
-657.2185541
-654.2933323
-651.3920981
-648.7058483
-645.8737488
-642.9884032
-640.434261
-638.1394923
-635.9482868
-633.5372733
-631.270907
-628.9212515
-626.5292678
-624.0124241
-621.4555812
-618.7962643
-616.2098471
-613.8423684
-611.4275613
-609.1354239
-607.1699413
-605.4032166
-603.6317827
-601.7923599
-600.2246385
-598.7954545
-597.3680274
-595.7335658
-594.2916777
-593.0309776
-591.6316088
-590.0180237
-588.5102771
-586.9221475
-585.3671394
-583.772406
-582.4795865
-581.4196307
-580.0318417
-578.9709701
-577.9716664
-577.379614
-576.6753199
-575.867497
-574.8324529
-573.8166547
-572.761968
-571.7179783
-570.6406218
-569.5311825
-567.9828282
-566.8271639
-565.3842173
-564.3144829
-562.956484
-561.6506761
-560.3535949
-559.2528679
-558.0639804
-556.8142086
-555.6707169
-554.3866722
-553.1001029
-551.8642847
-550.4249004
-549.0313318
-547.5986435
-546.1329385
-544.6892003
-543.142248
-541.5389833
-539.8346714
-538.0533052
-536.3549066
-534.6132288
-533.0327863
-531.3681577
-529.584165
-527.6070825
-525.7595471
-523.8582113
-522.0173622
-520.2769531
-518.2943166
-516.3919035
-514.4042982
-512.442198
-510.3646002
-508.4462525
-506.5903745
-504.6903816
-502.7535663
-500.9004534
-499.0552673
-497.058218
-494.9705458
-492.9391762
-490.9238531
-488.9392163
-486.9203369
-484.9624919
-483.091407
-481.0866709
-479.0528337
-476.9848414
-474.9980927
-473.0571111
-471.0879194
-469.172683
-467.3659355
-465.3968587
-463.3415399
-461.4109262
-459.5656718
-457.5825654
-455.7403842
-453.9158405
-452.0851639
-450.2518557
-448.4344543
-446.777453
-445.1238913
-443.5362789
-442.0754454
-440.7680877
-439.3215237
-437.812346
-436.3029315
-434.8197905
-433.4149131
-432.1125988
-430.720283
-429.3362261
-427.919326
-426.4622358
-425.2048271
-423.7870495
-422.4550645
-421.0881798
-419.6109837
-418.1030019
-416.4715572
-414.8300609
-412.9160115
-411.3077757
-409.5321391
-407.5612805
-405.8311549
-404.1181436
-402.2213664
-400.5010226
-398.6414499
-396.5496922
-394.6682506
-392.6131776
-390.5184154
-388.4134916
-386.3328339
-384.2338954
-382.1957528
-380.0976927
-378.121881
-376.0744476
-374.1129159
-372.0584649
-369.8560108
-367.6579551
-365.3399082
-363.0423703
-360.6691971
-358.4372071
-356.2299833
-354.0764524
-352.0708357
-350.0408842
-348.1560322
-346.4783281
-344.9142489
-343.3183648
-341.8692851
-340.5703457
-339.2300895
-337.8134247
-336.507958
-335.208676
-334.0432338
-333.0275438
-332.0174098
-330.9918681
-330.1122968
-329.2962224
-328.5088109
-327.7291398
-326.909517
-326.1800785
-325.3965438
-324.711952
-324.1186607
-323.3762415
-322.6730059
-322.1555858
-321.4291648
-320.7291637
-320.0226816
-319.3237162
-318.6130677
-317.7721308
-316.9005399
-315.9745984
-315.0392043
-314.167594
-313.2038011
-312.0665097
-310.8500872
-309.7010044
-308.5620761
-307.2771798
-305.871785
-304.5783143
-303.1969218
-301.7703519
-300.2601008
-298.5505212
-297.0192827
-295.5750218
-294.0345299
-292.2748633
-290.5014418
-288.6406223
-286.5784888
-284.6754423
-282.8574193
-281.0298179
-279.0859832
-277.2218414
-275.3057207
-273.4332747
-271.5586645
-269.7936421
-267.9985802
-266.1664892
-264.3931393
-262.629243
-260.9188485
-259.2758104
-257.631868
-256.0699654
-254.556476
-253.1584308
-251.724519
-250.1672693
-248.7784223
-247.4409427
-245.9945257
-244.6042777
-243.4661762
-242.3375961
-241.2883311
-240.1790856
-239.155883
-238.1189842
-237.1225307
-236.224802
-235.3013564
-234.4071003
-233.7284003
-233.1227749
-232.5324626
-231.9236836
-231.3434557
-230.8341238
-230.2461831
-229.7706124
-229.3562914
-228.8798273
-228.4596063
-228.0233514
-227.5963137
-227.1987296
-226.8072957
-226.4213395
-226.0457919
-225.6511195
-225.2964215
-224.8802616
-224.4076933
-223.9092268
-223.3635768
-222.69797
-221.9821216
-221.197875
-220.3918008
-219.576662
-218.7140639
-217.775558
-216.8074875
-215.807984
-214.7609458
-213.7565332
-212.765953
-211.6897919
-210.5429824
-209.3712055
-208.232724
-207.1228374
-205.9995362
-204.9022419
-203.7827582
-202.6146656
-201.4671422
-200.3647552
-199.2650443
-198.0914959
-196.8649642
-195.7002087
-194.4959029
-193.2782023
-192.1136918
-190.8541304
-189.6154221
-188.4070788
-187.2381642
-185.9409614
-184.6608861
-183.3785836
-182.1359743
-180.8969298
-179.6372682
-178.3630713
-177.0267339
-175.6642915
-174.3481851
-173.0160142
-171.6404496
-170.3171938
-168.9229034
-167.5896094
-166.1903677
-164.8599499
-163.4474807
-162.0668644
-160.696718
-159.3529043
-157.9806785
-156.6003788
-155.2127856
-153.8913474
-152.5998298
-151.3360547
-150.0642629
-148.7654629
-147.4952884
-146.2273894
-144.972377
-143.7732927
-142.5375562
-141.3485023
-140.1910438
-139.091183
-137.947403
-136.7705013
-135.5617387
-134.4334923
-133.3607226
-132.2780413
-131.2179703
-130.1953374
-129.2179603
-128.2986754
-127.3477408
-126.3447175
-125.3503796
-124.3348345
-123.3329135
-122.3302666
-121.3231603
-120.316054
-119.3089477
-118.3018414
-117.3368407
-116.3539237
-115.3602138
-114.3665038
-113.3727938
-112.3790839
-111.4282214
-110.5480902
-109.6817105
-108.8137895
-108.1229204
-107.5776918
-107.1241327
-106.7624228
-106.4787324
-106.2878664
-106.1495448
-106.1108079
-106.1611111
-106.2954716
-106.5107304
-106.7676324
-107.1268676
-107.527502
-108.0127452
-108.5280168
-109.0823022
-109.6748711
-110.3356417
-111.0045558
-111.6604219
-112.3245486
-113.0003613
-113.686779
-114.361035
-114.9946093
-115.6250031
-116.235425
-116.7976075
-117.341683
-117.8649247
-118.3238414
-118.7225775
-119.0764659
-119.3679872
-119.61358
-119.8200541
-119.9853311
-120.0914255
-120.1416791
-120.1488493
-120.1286268
-120.0484825
-119.9042201
-119.7223334
-119.4853794
-119.2429007
-118.9728093
-118.6833128
-118.3596466
-118.0113875
-117.6525344
-117.2884271
-116.9150738
-116.515002
-116.1129761
-115.6970891
-115.2507191
-114.8474696
-114.468539
-114.0989843
-113.7329355
-113.4140951
-113.1003057
-112.81003
-112.5286466
-112.2666491
-112.030816
-111.8112975
-111.6507189
-111.5083018
-111.4066039
-111.3483568
-111.3414974
-111.3469561
-111.3882952
-111.461869
-111.5746304
-111.7207709
-111.8892025
-112.0666705
-112.2804114
-112.5186363
-112.7593531
-113.009479
-113.2643747
-113.5354102
-113.8185534
-114.0982626
-114.3911266
-114.6740918
-114.9593583
-115.2506771
-115.5355868
-115.7993146
-116.0593587
-116.3069613
-116.5413528
-116.7554046
-116.9494821
-117.1174001
-117.2710754
-117.412686
-117.538619
-117.6603603
-117.7653163
-117.8183953
-117.8660555
-117.9020052
-117.9465947
-117.9414653
-117.9393094
-117.941445
-117.9447683
-117.9453608
-117.9366351
-117.923136
-117.9199659
-117.9133977
-117.9066492
-117.9037105
-117.9029246
-117.9054274
-117.9163554
-117.9457478
-117.9686426
-117.9966253
-118.0606368
-118.1271101
-118.1939054
-118.2617908
-118.3275168
-118.3997337
-118.5702608
-118.6700904
-118.7869024
-118.9234114
-119.04281
-119.1550391
-119.3190685
-119.4818155
-119.6390594
-119.801776
-120.0150193
-120.2008114
-120.4003459
-120.6125847
-120.8666824
-121.0952849
-121.3285436
-121.5809911
-121.8627256
-122.1139982
-122.3882063
-122.6921913
-123.0730479
-123.4216262
-123.7261453
-124.0713437
-124.4121774
-124.7102032
-125.0119978
-125.3319324
-125.6279691
-125.8835906
-126.1567229
-126.4268884
-126.697178
-126.9568471
-127.1971662
-127.4517209
-127.6799275
-127.9087778
-128.1135296
-128.3654155
-128.6220074
-128.8512394
-129.071294
-129.2715411
-129.4927748
-129.6920007
-129.8913769
-130.0839088
-130.2886184
-130.4960347
-130.691043
-130.900753
-131.1219007
-131.3336805
-131.5700589
-131.8356784
-132.0653696
-132.3029091
-132.5488755
-132.7522221
-132.9421007
-133.1348337
-133.3354404
-133.5173417
-133.6726124
-133.833056
-133.977464
-134.1141714
-134.2736812
-134.4262536
-134.5943349
-134.7636216
-134.9772475
-135.1595022
-135.3615657
-135.5675747
-135.8204544
-136.071264
-136.3229169
-136.5688656
-136.8652633
-137.1396021
-137.4483906
-137.7277657
-138.0494113
-138.3721249
-138.7079839
-139.04921
-139.3861147
-139.728509
-140.0593942
-140.3985772
-140.7535135
-141.1174822
-141.4697822
-141.7926655
-142.1358487
-142.4850366
-142.7895711
-143.0694928
-143.3831154
-143.6700865
-143.9855771
-144.2696162
-144.5652175
-144.843972
-145.0985495
-145.3374342
-145.5935197
-145.8110582
-146.0511454
-146.2658482
-146.4788855
-146.7269015
-146.9667912
-147.2131604
-147.4640158
-147.7414623
-148.0792254
-148.3577908
-148.6337732
-148.9560107
-149.2956054
-149.6030459
-149.9200687
-150.2775462
-150.6231496
-150.9461627
-151.3179636
-151.6655327
-152.0478718
-152.4358119
-152.813554
-153.1648713
-153.5517178
-153.9278548
-154.2723629
-154.6293791
-154.9881855
-155.3399092
-155.7289316
-156.0622502
-156.3510913
-156.630583
-156.9230789
-157.1773051
-157.3975064
-157.6105567
-157.8330225
-158.0659425
-158.2942428
-158.5186838
-158.6969077
-158.8263719
-158.9515742
-159.0677548
-159.1868258
-159.3366273
-159.4580348
-159.5834651
-159.7106836
-159.8777828
-160.0904979
-160.3024131
-160.5535982
-160.7773686
-160.9879596
-161.1876461
-161.3748358
-161.5944858
-161.8045249
-162.03595
-162.3239647
-162.6119636
-162.8811382
-163.1236321
-163.3714967
-163.6619045
-163.9352237
-164.2184248
-164.544255
-164.8760718
-165.1574707
-165.4704892
-165.7580872
-166.0321171
-166.3085072
-166.616399
-166.9259571
-167.2507046
-167.5322064
-167.8138983
-168.0918682
-168.3833149
-168.7655497
-169.1433735
-169.5479085
-169.9597726
-170.2710023
-170.5608737
-170.8554442
-171.2348808
-171.682465
-172.1659908
-172.6214863
-173.0474555
-173.512664
-174.0074822
-174.5247579
-175.0550756
-175.6035119
-176.126655
-176.6920966
-177.2694321
-177.7817247
-178.2973177
-178.83449
-179.3937506
-179.9410654
-180.5003397
-181.0203247
-181.5579624
-182.0876111
-182.5851646
-183.0454719
-183.51633
-183.931175
-184.362018
-184.8124639
-185.2592865
-185.6843666
-186.1099791
-186.4847627
-186.8582905
-187.2732222
-187.7041956
-188.1036672
-188.5170003
-188.9327745
-189.3653827
-189.7633759
-190.1472003
-190.555538
-190.9356814
-191.3958452
-191.8972029
-192.3386335
-192.7790994
-193.1837595
-193.5535628
-193.9026488
-194.271471
-194.6076037
-194.9996416
-195.3404518
-195.6440917
-195.9281185
-196.2133027
-196.5303697
-196.8099055
-197.0574677
-197.3107603
-197.5328468
-197.7501247
-197.9791354
-198.1674742
-198.2972651
-198.4313701
-198.5934583
-198.7691381
-198.9402248
-199.1315098
-199.3258397
-199.4992873
-199.7538506
-200.0102168
-200.2734936
-200.4974027
-200.7835837
-201.1325122
-201.538858
-201.8080411
-202.1341696
-202.4782341
-202.8467562
-203.2521655
-203.6922641
-204.147539
-204.5736294
-204.9569477
-205.3893784
-205.8603239
-206.3488879
-206.8081131
-207.2199298
-207.6317253
-208.0676544
-208.4830885
-208.9077482
-209.2825117
-209.6558355
-209.9939451
-210.3048648
-210.6414505
-210.9768962
-211.3545842
-211.6370918
-211.8652611
-212.0538294
-212.2677678
-212.5258347
-212.7340047
-212.8813859
-213.0096081
-213.1564373
-213.2838657
-213.4404762
-213.5886038
-213.7626176
-214.0732599
-214.2043905
-214.3152614
-214.4596809
-214.6175132
-214.7896525
-214.8895893
-214.9541413
-215.0023102
-215.1033087
-215.1682915
-215.1695189
-215.1072324
-215.0718876
-214.9663229
-214.8505496
-214.762056
-214.6788199
-214.5745013
-214.3732581
-214.1742824
-214.0645899
-213.947995
-213.8314
-213.7148051
-213.5982102
-213.4816152
-213.3650203
-213.2484253
-213.1318304
-213.0152354
-212.8986405
-212.7820455
-212.6654506
-212.5488556
-212.4322607
-212.3156658
-212.1990708
-212.0824759
-211.9658809
-211.849286
-211.732691
-211.6160961
-211.4995011
-211.3829062
-211.2663112
-211.1497163
-211.0331213
-210.9165264
-210.7999315
-210.6833365
-210.5667416
-210.4501466
-210.3335517
-210.2169567
-210.1003618
-209.9837668
-209.8671719
-209.7505769
-209.633982
-209.5173871
-209.4007921
-209.2841972
-209.1676022
-209.0510073
-208.9344123
-208.8178174
-208.7012224
-208.5846275
-208.4680325
-208.3514376
-208.2348426
-208.1182477
-208.0016528
-207.8850578
-207.7684629
-207.6518679
-207.535273
-207.418678
-207.3020831
-207.1854881
-207.0688932
-206.9522982
-206.8357033
-206.7191084
-206.6025134
-206.4859185
-206.3693235
-206.2527286
-206.1361336
-206.0195387
-205.9029437
-205.7863488
-205.6697538
-205.5531589
-205.4365639
-205.319969
-205.2033741
-205.0867791
-204.9701842
-204.8535892
-204.7369943
-204.6203993
-204.5038044
-204.3872094
-204.2706145
-204.1540195
-204.0374246
-203.9208297
-203.8042347
-203.6876398
-203.5710448
-203.4544499
-203.3378549
-203.22126
-203.104665
-202.9880701
-202.8714751
-202.7548802
-202.6382852
-202.5216903
-202.4050954
-202.2885004
-202.1719055
-202.0553105
-201.9387156
-201.8221206
-201.7055257
-201.5889307
-201.4723358
-201.3557408
-201.2391459
-201.122551
-201.005956
-200.8893611
