653
-2225.861579
-2256.266498
-2271.402107
-2277.777482
-2285.344242
-2295.792293
-2298.561492
-2297.953246
-2296.180181
-2288.610197
-2274.794883
-2266.297471
-2235.051416
-2196.915953
-2163.562018
-2138.849311
-2117.023557
-2093.068815
-2070.448825
-2049.976644
-2029.356473
-2010.366142
-1990.230435
-1972.84486
-1958.435407
-1940.788805
-1923.872802
-1906.936172
-1891.403581
-1874.3914
-1858.856339
-1845.070659
-1833.586096
-1823.749976
-1815.754082
-1807.149311
-1799.833525
-1794.746422
-1792.299991
-1790.552142
-1790.945026
-1794.000188
-1796.379093
-1800.679589
-1807.078777
-1812.344071
-1818.775497
-1826.059019
-1835.738461
-1846.471586
-1857.535893
-1868.928517
-1879.863614
-1891.45607
-1903.933847
-1915.971643
-1929.45317
-1941.467624
-1956.481322
-1970.931705
-1985.158618
-1999.12125
-2013.436899
-2027.894998
-2042.263518
-2056.208653
-2070.652756
-2083.972343
-2096.350718
-2107.688895
-2118.234997
-2128.256125
-2137.452399
-2145.890686
-2153.162241
-2158.353548
-2165.114524
-2170.923557
-2173.92594
-2173.699826
-2170.993393
-2169.705529
-2166.97714
-2165.32053
-2165.922424
-2166.524318
-2161.074313
-2154.395344
-2152.299264
-2150.203184
-2143.915675
-2138.791626
-2133.378919
-2125.833892
-2117.418737
-2108.029128
-2097.684606
-2085.808868
-2073.641349
-2061.804009
-2048.680909
-2035.089244
-2021.29572
-2006.360938
-1990.559071
-1975.443121
-1960.01372
-1943.906621
-1927.856511
-1911.454013
-1894.789672
-1878.072785
-1861.820791
-1845.957234
-1829.259266
-1813.967667
-1802.793705
-1791.376242
-1777.315193
-1763.254144
-1749.193096
-1738.52613
-1730.119597
-1721.316854
-1713.399261
-1705.248787
-1697.199836
-1689.2309
-1681.13761
-1672.569374
-1664.177807
-1656.157755
-1648.470977
-1641.256859
-1634.126089
-1627.580147
-1621.548868
-1616.086818
-1610.980896
-1606.63143
-1603.0149
-1598.714727
-1595.229404
-1591.78985
-1589.495506
-1587.574659
-1585.322433
-1583.362221
-1582.469586
-1581.763518
-1581.834949
-1581.97575
-1581.475497
-1580.616694
-1580.150224
-1579.381385
-1578.247058
-1577.589929
-1577.369799
-1577.001897
-1575.430391
-1573.453511
-1571.177435
-1568.616421
-1566.190639
-1563.516817
-1561.026036
-1558.843904
-1557.134616
-1554.575307
-1551.092391
-1547.051354
-1543.235896
-1539.150131
-1535.103623
-1530.367049
-1523.723853
-1516.252993
-1508.454591
-1500.303355
-1492.291808
-1484.135507
-1476.285397
-1468.930103
-1461.812605
-1455.266168
-1450.174052
-1445.427301
-1439.227722
-1433.028143
-1427.699604
-1424.524756
-1419.152681
-1413.780606
-1411.941109
-1411.776907
-1411.267181
-1409.081289
-1404.050855
-1398.046427
-1392.422844
-1388.09644
-1384.581249
-1381.886345
-1380.204684
-1379.594719
-1378.834192
-1376.554609
-1378.024548
-1379.586951
-1378.835176
-1378.083401
-1380.587004
-1384.098871
-1387.17832
-1389.950944
-1392.693584
-1395.725209
-1398.98388
-1401.637451
-1404.633601
-1407.948008
-1410.907746
-1413.587151
-1416.510912
-1419.037506
-1421.871699
-1424.805637
-1427.387422
-1430.162658
-1432.359355
-1434.45709
-1436.98275
-1438.967946
-1440.480603
-1441.30019
-1442.240109
-1441.011843
-1438.91829
-1437.392147
-1434.815668
-1432.659561
-1429.940744
-1425.910532
-1422.836679
-1419.911506
-1417.089862
-1414.433821
-1411.788852
-1408.82429
-1405.801937
-1403.076906
-1400.351875
-1397.24623
-1394.434696
-1391.034698
-1388.095237
-1384.068418
-1380.083482
-1375.830563
-1371.547682
-1366.964407
-1361.728473
-1356.531123
-1351.131183
-1345.688485
-1340.985278
-1336.862652
-1332.464849
-1326.932827
-1320.023863
-1311.449418
-1302.161653
-1292.328199
-1283.659062
-1274.65956
-1265.840258
-1257.364494
-1249.451293
-1241.743702
-1233.657321
-1226.01395
-1218.785852
-1210.956183
-1203.166523
-1196.018259
-1190.661347
-1184.259121
-1178.595333
-1171.720397
-1164.437652
-1157.591939
-1150.254199
-1142.586242
-1135.468734
-1128.268393
-1120.824288
-1113.284865
-1105.966787
-1098.662684
-1091.654541
-1085.106059
-1077.455369
-1069.122518
-1062.46926
-1056.341158
-1050.071053
-1045.232174
-1040.124731
-1035.6205
-1030.64519
-1026.365925
-1021.025539
-1015.713011
-1010.843203
-1006.402683
-1002.452978
-998.8332072
-994.7514338
-990.87803
-986.9934788
-984.9356857
-983.1907403
-981.3347891
-980.260645
-979.7565785
-979.1653697
-978.6803875
-978.640584
-978.7866116
-978.5729511
-979.0143628
-979.3451328
-979.6751553
-980.373173
-980.5642793
-981.331711
-981.7869158
-982.2556376
-982.7332653
-983.189101
-983.6381509
-984.1335504
-984.8916886
-985.5651664
-986.0834241
-986.7072312
-987.4990262
-988.3832854
-989.252111
-990.2157977
-991.4175123
-992.8646828
-994.2223499
-995.1499885
-996.0737883
-996.7672341
-997.0268665
-996.9099084
-996.6581995
-995.761967
-995.0754651
-993.8099597
-991.9198201
-989.4192877
-986.8130691
-984.1389324
-980.8758515
-976.9314521
-972.7558887
-968.4167002
-963.6432189
-958.6993745
-953.4548958
-947.7111296
-941.6137459
-935.1092255
-928.5709802
-921.9843063
-914.9297398
-906.5434671
-897.459536
-888.2263519
-879.2374557
-869.6117436
-859.717612
-849.9802378
-840.3706115
-830.7214588
-820.8886156
-811.2720364
-801.6750751
-791.872904
-782.3058924
-773.2153257
-764.9000951
-757.1413281
-749.5976527
-742.6665052
-735.9661376
-729.1282188
-722.53623
-716.229565
-710.0180927
-703.9450341
-698.1341806
-692.5323025
-687.1339088
-681.9109457
-676.6609006
-671.7444847
-667.0140697
-662.6015527
-658.4382733
-654.2716278
-650.2695078
-646.5255939
-642.8613082
-639.4395064
-636.2846482
-633.148413
-630.1915079
-627.6442117
-625.3853973
-623.4438887
-621.6843777
-619.892598
-618.5938667
-617.4500919
-616.6103922
-615.7986125
-614.8878136
-614.3575223
-613.7124009
-613.266756
-612.8313149
-612.6485676
-612.7096104
-612.7698402
-612.7901013
-612.8260688
-612.8223109
-612.8103122
-612.8451766
-612.8371915
-612.6590075
-612.576066
-612.0767036
-611.4710079
-610.9560871
-610.0281344
-608.9083428
-607.8200918
-606.6785484
-605.1765601
-603.735479
-602.61303
-601.6727797
-600.5120028
-599.2156707
-597.8498377
-596.2510174
-594.4299608
-591.9944646
-588.5216837
-585.6319542
-581.8738228
-577.4598155
-572.7249171
-567.5866526
-562.292029
-556.8792318
-551.2974647
-545.5067647
-539.6872879
-533.4792948
-527.2061279
-520.8520274
-514.3055335
-507.7285704
-501.0942654
-494.3196055
-487.6130777
-481.0337994
-474.5391126
-468.105868
-461.6365309
-454.8653222
-447.9539129
-440.9396856
-434.0368529
-427.1174697
-420.3439308
-413.5544942
-406.7926883
-400.2145423
-393.7886866
-387.4279201
-381.139781
-375.0108374
-369.1939556
-363.2096316
-356.9978828
-351.1578975
-345.7271594
-340.2400206
-335.0591895
-330.2822921
-325.676895
-321.1172588
-316.7424844
-312.1754783
-308.3953414
-303.9933329
-299.6591348
-295.973733
-292.4935782
-289.0134468
-285.9768588
-282.8016302
-279.7628428
-277.0073599
-274.6392434
-272.4076534
-270.1962136
-268.159087
-266.3895625
-264.7519742
-263.1075878
-261.6031152
-260.1778084
-258.8132967
-257.6055956
-256.3039477
-254.9596728
-253.516331
-252.0090788
-250.5697866
-249.0938606
-247.5646966
-246.1339983
-244.5226644
-242.9388099
-241.5179034
-240.1338385
-238.6951458
-236.650812
-234.4817212
-232.2585932
-230.155946
-228.3226073
-226.4419874
-224.2842951
-222.0201222
-219.7096586
-217.3375175
-214.9708396
-212.5998561
-210.1154354
-207.5650287
-204.9298646
-202.4589261
-200.1379189
-197.9138695
-195.5828747
-193.0445309
-190.2500281
-187.2948944
-184.1156869
-181.090507
-178.2979381
-175.2440703
-171.9678098
-169.0201743
-165.9533488
-162.4917713
-158.9230023
-155.1545176
-151.2326374
-147.3120057
-143.4124373
-139.2817042
-135.0731384
-130.7427138
-126.7798106
-122.8169074
-118.8540042
-114.891101
-110.9281978
-106.8585932
-102.8714396
-98.79895788
-94.69134818
-90.52738968
-86.2056938
-82.08462692
-77.75125391
-73.25731486
-68.82721056
-64.3522402
-60.02383957
-55.69543894
-51.16278448
-46.63937524
-42.23137917
-37.82338309
-33.41538702
-29.00739095
-24.53993553
-20.05745398
-15.62254116
-11.18762834
-6.568911071
-1.987671545
2.569244584
7.327427266
12.14447766
16.99897362
21.95075343
26.94720138
31.98090322
37.05880783
42.13740332
47.19303672
52.32881639
57.41796102
62.44832148
67.55908945
72.71270457
77.77516887
82.77570361
87.7390566
92.72114955
97.71087805
102.6617824
107.5025948
112.2814182
117.0517864
121.8369071
126.553774
131.1978515
135.7775664
140.2310492
144.5894851
148.8620929
153.0071701
157.0486629
160.9821249
164.8786014
168.6827348
172.4261987
176.0197417
179.5670037
183.1017068
186.5361712
189.8569032
193.0941916
196.2533795
199.4781147
202.6309196



























































































































































































