653
-412.7725975
-415.5427137
-416.0107684
-415.6347014
-415.2909255
-415.1905187
-414.6042186
-413.4401583
-412.1083916
-410.3402149
-408.0164241
-406.0863092
-402.4467181
-398.2678157
-394.3579124
-391.0789345
-388.1596
-384.9231649
-381.8512684
-378.9015387
-375.9944091
-373.1476846
-370.2288176
-367.4908047
-364.9781365
-362.2485469
-359.5773512
-356.9069856
-354.4042233
-351.8289186
-349.4094866
-347.1442112
-345.0728188
-343.0802597
-341.293284
-339.5170946
-337.8604004
-336.3749194
-335.0804972
-333.8673411
-332.8191985
-331.9829176
-331.0982985
-330.3859381
-329.8172108
-329.1520496
-328.5888812
-328.1550379
-327.8663593
-327.6379143
-327.4311182
-327.2605661
-327.0893034
-326.9821666
-326.9340695
-326.8783079
-326.9256098
-326.8477479
-327.0252992
-327.1463523
-327.2426045
-327.3165152
-327.4209294
-327.5173713
-327.5596747
-327.5631893
-327.6072118
-327.5889413
-327.5243136
-327.38817
-327.2029132
-326.9743384
-326.7036004
-326.3839324
-325.9930692
-325.4859047
-325.0737309
-324.6019797
-323.940697
-323.1203975
-322.172235
-321.2974432
-320.3203361
-319.4029831
-318.6272451
-317.851507
-316.7112832
-315.480098
-314.5380252
-313.5959525
-312.3635626
-311.1255994
-309.8183157
-308.4047199
-306.929105
-305.390856
-303.7902272
-302.1056094
-300.4092907
-298.7014816
-296.9074348
-295.0894029
-293.2546142
-291.3585042
-289.4147538
-287.4860918
-285.5250555
-283.5450228
-281.5490877
-279.5424117
-277.5205576
-275.5108106
-273.5185716
-271.5426805
-269.5574574
-267.6423685
-265.861194
-264.0653836
-262.1730842
-260.2807847
-258.3884853
-256.6520928
-255.0379609
-253.4370011
-251.8934111
-250.3747852
-248.9041469
-247.4674242
-246.0588616
-244.6766483
-243.3322407
-242.0355223
-240.7864393
-239.5968219
-238.452335
-237.3590661
-236.3086195
-235.3171857
-234.3686347
-233.4837899
-232.6517592
-231.833056
-231.0649575
-230.3437448
-229.6747465
-229.0498559
-228.4513724
-227.874549
-227.3399991
-226.8374825
-226.3833675
-225.9647754
-225.5583633
-225.1670666
-224.8045144
-224.4397403
-224.0870173
-223.7658993
-223.4555664
-223.1469716
-222.8299647
-222.5197508
-222.2066217
-221.8900938
-221.5708702
-221.2486773
-220.8938306
-220.5378146
-220.1701831
-219.7389328
-219.2669678
-218.7540105
-218.2219572
-217.6621077
-217.0642239
-216.4264034
-215.7428384
-215.0041925
-214.2355385
-213.4371074
-212.6136369
-211.7647623
-210.8859544
-209.9709042
-209.0321835
-208.0459162
-207.0368282
-206.0775946
-205.1638735
-204.2501524
-203.3104756
-202.2976244
-201.3572736
-200.4169229
-199.3470595
-198.2241733
-197.0731991
-195.8955478
-194.6798191
-193.458361
-192.200387
-190.898689
-189.5604806
-188.2035604
-186.8281846
-185.4188312
-184.0403214
-182.7147945
-181.2673487
-179.8302215
-178.4580945
-177.0859675
-175.6412046
-174.1772988
-172.7244139
-171.2711672
-169.8215198
-168.375903
-166.9374386
-165.5235392
-164.1037055
-162.6992958
-161.3179232
-159.9563684
-158.6167477
-157.3009758
-156.0003054
-154.7286442
-153.4979457
-152.3076691
-151.1579435
-150.0355137
-148.9457944
-147.9155808
-146.9362006
-145.9985831
-145.0045729
-144.1715255
-143.4061269
-142.6048913
-141.8895466
-141.135194
-140.4517349
-139.9151048
-139.2858119
-138.6569448
-138.0129782
-137.3705208
-136.7457553
-136.2327355
-135.7582509
-135.1603605
-134.5624701
-134.026227
-133.4423473
-132.9287576
-132.3601584
-131.9758242
-131.5858885
-131.270897
-131.0065408
-130.7764499
-130.6656091
-130.5450407
-130.4596104
-130.3691196
-130.2150765
-130.2290834
-130.2010897
-130.2642427
-130.461452
-130.7956568
-131.1931403
-131.6495299
-132.0359252
-132.4921405
-132.9354071
-133.4263516
-133.8701405
-134.3227417
-134.7221777
-135.2414144
-135.7972868
-136.3707731
-136.8748093
-137.4720969
-137.9821287
-138.4877533
-139.0057843
-139.577805
-140.1589624
-140.6970099
-141.2701708
-141.8589706
-142.4145891
-142.9767607
-143.5508652
-144.1201613
-144.6732698
-145.2191586
-145.7264679
-146.2045248
-146.7145399
-147.2301853
-147.6556221
-148.0580666
-148.4742002
-148.765026
-149.0383439
-149.2647553
-149.5285246
-149.6999324
-149.8843087
-150.0372036
-150.1372368
-150.1938159
-150.2135926
-150.1825576
-150.1351585
-150.0783161
-150.0184642
-149.8345322
-149.616499
-149.373196
-149.0795791
-148.7393942
-148.4181128
-148.0323137
-147.6124967
-147.1716747
-146.7252871
-146.2350767
-145.736886
-145.2241293
-144.6817926
-144.1489474
-143.5846173
-143.019502
-142.4409574
-141.8600788
-141.2737367
-140.6767133
-140.0800012
-139.4644203
-138.8535495
-138.260317
-137.6693051
-137.0744993
-136.48027
-135.8900873
-135.3039139
-134.710458
-134.1100208
-133.5180421
-132.9439423
-132.3804317
-131.8392693
-131.3386245
-130.863659
-130.4082804
-129.9896871
-129.5771871
-129.2049736
-128.875629
-128.586597
-128.3166907
-128.0657836
-127.8647822
-127.7147451
-127.5920529
-127.4953435
-127.4312396
-127.3950927
-127.3937721
-127.4297965
-127.5030752
-127.6143712
-127.7466081
-127.8996384
-128.0924935
-128.355214
-128.6657506
-128.9950456
-129.3353278
-129.720554
-130.1316812
-130.5474774
-130.9788756
-131.4172903
-131.8705943
-132.3238009
-132.7850582
-133.2626855
-133.7370141
-134.1928362
-134.6097833
-135.0034523
-135.3880383
-135.7390799
-136.0886904
-136.4463839
-136.7938395
-137.1209814
-137.4461965
-137.7683665
-138.0753852
-138.372502
-138.6496374
-138.9144962
-139.1809992
-139.4264874
-139.6556507
-139.8602707
-140.0490744
-140.2348972
-140.401923
-140.5482266
-140.6804725
-140.7958445
-140.8886253
-140.9639171
-141.0250045
-141.0550446
-141.0668049
-141.0542141
-141.0223262
-140.9841985
-140.9175255
-140.837046
-140.7379415
-140.6295321
-140.5224555
-140.3940867
-140.266358
-140.1230283
-139.9736931
-139.8104058
-139.6331706
-139.455079
-139.2755315
-139.0914689
-138.9065815
-138.7181236
-138.5259946
-138.3375752
-138.1528814
-137.9604322
-137.7878716
-137.6157091
-137.4378651
-137.2795031
-137.1269306
-136.9724341
-136.8261699
-136.6907191
-136.5534725
-136.3938032
-136.2183737
-136.0529985
-135.8904697
-135.7331086
-135.5843878
-135.4463739
-135.3402337
-135.2891117
-135.211062
-135.1758539
-135.1784397
-135.2016317
-135.2507496
-135.3166063
-135.392967
-135.4846648
-135.5933393
-135.7111111
-135.8581702
-136.0214273
-136.196779
-136.3913007
-136.5964031
-136.8102205
-137.0360598
-137.2651087
-137.4934198
-137.726676
-137.9589048
-138.1947108
-138.4556272
-138.7247101
-139.0022306
-139.2759729
-139.5509929
-139.8247226
-140.0927037
-140.3620317
-140.6205749
-140.8723496
-141.119481
-141.3633133
-141.5909594
-141.8015576
-142.0180151
-142.2451789
-142.4503857
-142.6338189
-142.8236275
-142.9925215
-143.1416659
-143.2805334
-143.4207376
-143.5535987
-143.694645
-143.7919569
-143.9222989
-144.0500447
-144.1514885
-144.2422572
-144.3314973
-144.4023337
-144.4784825
-144.5522418
-144.6161396
-144.6605874
-144.7001466
-144.7464194
-144.7855042
-144.8086548
-144.827612
-144.8509492
-144.8686415
-144.8830601
-144.8917598
-144.8944042
-144.901171
-144.9108278
-144.9240417
-144.9401134
-144.9493018
-144.957386
-144.964664
-144.9615471
-144.9637994
-144.9593162
-144.9410785
-144.9133026
-144.8800034
-144.8856027
-144.8933421
-144.8976033
-144.8775693
-144.8245026
-144.7646196
-144.7141778
-144.6627073
-144.6061874
-144.5490099
-144.4827725
-144.4128988
-144.3450703
-144.2759029
-144.2086136
-144.1214797
-144.0249236
-143.9203346
-143.8178145
-143.7314551
-143.667919
-143.6139196
-143.5741913
-143.5258008
-143.4630966
-143.4186967
-143.390324
-143.3385806
-143.2964484
-143.284743
-143.2867354
-143.3090906
-143.3457652
-143.379728
-143.4147397
-143.4663261
-143.5269847
-143.5988774
-143.6374405
-143.6760036
-143.7145667
-143.7531297
-143.7916928
-143.8424958
-143.8838407
-143.9365315
-143.9945154
-144.06072
-144.1632535
-144.2265254
-144.3261003
-144.4549177
-144.586703
-144.7166256
-144.8197698
-144.9229139
-145.0666052
-145.2099604
-145.3292281
-145.4484958
-145.5677635
-145.6870313
-145.8195853
-145.9547305
-146.0798386
-146.2049467
-146.3731261
-146.5358979
-146.6904118
-146.9039861
-147.1386091
-147.3875089
-147.6547047
-147.9334323
-148.2299584
-148.5401424
-148.8608551
-149.1931521
-149.5437412
-149.8981106
-150.2581753
-150.634765
-151.0257279
-151.4212091
-151.8210865
-152.2257878
-152.6390632
-153.0600072
-153.48044
-153.8943887
-154.305175
-154.7160363
-155.1317117
-155.5419994
-155.9458125
-156.339993
-156.721577
-157.0890278
-157.4430889
-157.784698
-158.1116407
-158.4214465
-158.7195244
-159.0013172
-159.2694757
-159.5117912
-159.7364788
-159.9485191
-160.1422478
-160.3159545
-160.4650988
-160.5934183
-160.7163537
-160.819682



























































































































































































