467
-2907.038827
-2914.12842
-2915.46871
-2913.893386
-2912.262201
-2908.444437
-2908.172758
-2908.582933
-2906.227408
-2904.119816
-2902.012224
-2899.904633
-2897.797041
-2897.150288
-2895.865322
-2894.181408
-2894.130844
-2892.948283
-2892.364072
-2892.805101
-2892.378633
-2892.553269
-2894.523583
-2896.142131
-2896.154407
-2896.29171
-2896.930381
-2894.045149
-2896.788229
-2899.378445
-2900.277285
-2901.176125
-2901.465464
-2903.346804
-2905.851939
-2907.513613
-2905.06044
-2905.802388
-2906.066347
-2904.414859
-2906.466351
-2907.570943
-2908.101431
-2906.653992
-2905.762952
-2904.00718
-2902.046681
-2898.107888
-2893.84905
-2891.342294
-2888.05561
-2880.895503
-2871.511661
-2864.847832
-2860.034861
-2860.392899
-2857.907436
-2857.194474
-2855.250902
-2847.372076
-2837.647074
-2826.744769
-2811.76171
-2802.274173
-2797.874529
-2794.828717
-2787.918134
-2782.221943
-2774.810006
-2769.64735
-2760.655935
-2750.108512
-2749.054808
-2746.08116
-2739.065005
-2732.814294
-2733.225306
-2725.246299
-2721.70515
-2726.799052
-2729.149939
-2729.028328
-2722.857038
-2715.569332
-2709.859776
-2709.636645
-2709.880219
-2707.338863
-2703.865431
-2703.125677
-2706.167754
-2706.998797
-2709.575413
-2710.047384
-2706.730354
-2700.203608
-2693.429738
-2688.334171
-2683.810072
-2678.754908
-2676.523789
-2668.569453
-2655.246929
-2647.055776
-2639.801143
-2632.199912
-2620.01987
-2610.562238
-2603.787272
-2593.353154
-2584.368695
-2576.071694
-2565.276855
-2554.737346
-2544.001554
-2529.633089
-2519.732271
-2508.824244
-2497.402466
-2482.263215
-2471.423745
-2463.459519
-2457.179617
-2449.939001
-2445.986594
-2447.031746
-2444.025644
-2443.392216
-2443.876488
-2441.880304
-2436.979748
-2435.501576
-2439.824495
-2441.479902
-2440.304788
-2444.925726
-2449.15597
-2455.616486
-2457.007285
-2458.707498
-2457.087551
-2461.381103
-2464.415484
-2460.744094
-2460.299826
-2456.476347
-2455.454736
-2451.380527
-2447.955447
-2444.910055
-2442.312302
-2438.59134
-2432.836415
-2425.518774
-2424.25566
-2424.447487
-2418.420356
-2412.261608
-2401.08479
-2393.010176
-2387.115567
-2383.445183
-2381.608105
-2377.374066
-2371.29729
-2364.784355
-2362.911711
-2360.902409
-2359.296607
-2357.937863
-2356.851959
-2349.124801
-2347.687101
-2350.607604
-2352.835246
-2352.664143
-2353.769977
-2351.156871
-2349.205763
-2346.468071
-2338.282811
-2332.459681
-2324.107075
-2317.699035
-2310.187293
-2304.137388
-2298.724978
-2290.943471
-2282.331399
-2271.525096
-2257.797696
-2250.846403
-2239.984959
-2227.27278
-2216.476162
-2206.696955
-2197.721897
-2187.867647
-2177.350818
-2169.95949
-2163.169206
-2156.405092
-2146.734867
-2139.057809
-2132.268342
-2127.550804
-2123.910207
-2122.060378
-2118.301757
-2113.138945
-2107.573981
-2103.620767
-2100.568124
-2097.464105
-2094.235472
-2090.454649
-2089.559666
-2089.559777
-2090.629084
-2090.936938
-2091.034161
-2089.060649
-2087.641596
-2083.533388
-2079.555843
-2084.515714
-2086.700612
-2084.494742
-2083.363104
-2082.819567
-2081.316063
-2078.858965
-2079.499927
-2075.25876
-2070.112539
-2064.47449
-2061.66057
-2060.912152
-2058.161062
-2056.551899
-2051.419198
-2043.968703
-2034.825467
-2028.244598
-2020.272037
-2011.978069
-1999.703304
-1991.792472
-1982.329404
-1971.836645
-1960.654716
-1951.692449
-1945.052152
-1937.507738
-1927.869743
-1921.025867
-1914.33348
-1908.083603
-1903.003111
-1897.592149
-1892.716776
-1887.791444
-1883.712545
-1880.907998
-1881.762643
-1882.293013
-1883.998267
-1884.541903
-1888.077287
-1892.885668
-1894.064918
-1893.626146
-1893.903907
-1893.604659
-1892.18625
-1888.727065
-1885.901032
-1882.675872
-1880.413471
-1876.114465
-1872.988078
-1867.982007
-1861.873886
-1855.744449
-1847.660958
-1839.145152
-1830.97794
-1821.228634
-1810.535935
-1802.395356
-1795.054064
-1786.467659
-1777.73909
-1764.837024
-1753.217893
-1742.891796
-1733.192457
-1723.840686
-1716.469504
-1710.286673
-1704.231446
-1698.848039
-1694.302984
-1690.579196
-1687.908404
-1683.982745
-1681.587943
-1679.931991
-1678.768755
-1675.427413
-1672.211018
-1671.926278
-1670.960576
-1668.139678
-1666.629771
-1664.320454
-1662.291066
-1660.947164
-1657.326591
-1654.297739
-1652.862485
-1651.781602
-1648.278058
-1645.699651
-1643.378322
-1640.522457
-1637.467745
-1634.108663
-1630.136164
-1628.077569
-1626.595058
-1621.772192
-1617.007058
-1615.023422
-1613.139019
-1608.691336
-1604.692937
-1598.30102
-1592.34843
-1586.417407
-1579.790432
-1573.76855
-1565.316891
-1556.803574
-1549.408589
-1543.989665
-1539.238335
-1534.895053
-1530.608957
-1527.922342
-1525.162983
-1522.942774
-1521.512653
-1519.326336
-1516.597212
-1516.041957
-1511.978479
-1506.691994
-1501.095431
-1497.051878
-1491.582346
-1486.258441
-1478.737498
-1473.824058
-1467.651673
-1462.246834
-1455.137101
-1450.514593
-1444.904468
-1438.65704
-1430.318697
-1422.438477
-1416.6736
-1410.820153
-1405.252483
-1399.860494
-1395.712102
-1390.279526
-1388.261499
-1383.032778
-1380.187319
-1376.596412
-1374.47227
-1371.82927
-1367.644831
-1364.683769
-1362.022542
-1357.9957
-1353.395206
-1348.006772
-1345.542112
-1344.353649
-1342.803491
-1339.705639































































































































































































































































































































































































































































































































































































































































