467
-821.4667241
-821.1218163
-820.8902581
-820.2092405
-819.255354
-818.0273868
-816.7248238
-815.6029992
-814.2577159
-813.1235904
-811.989465
-810.8553396
-809.7212141
-808.5272264
-806.9250669
-805.6742558
-804.0992895
-802.2978499
-800.4906147
-798.7270825
-796.4373307
-793.6818207
-791.2399155
-788.7306178
-786.3123963
-783.5187413
-780.53081
-777.1246138
-774.3499159
-771.5761697
-768.8524452
-766.1287206
-762.9488462
-760.0418958
-757.2046164
-754.2801983
-750.8322783
-747.7561479
-744.6390622
-741.3420296
-738.4658187
-735.5625393
-732.6174808
-729.538324
-726.6181532
-723.6528574
-720.724588
-717.6419855
-714.7150518
-712.0686456
-709.3964537
-706.3800711
-703.1489929
-700.3097378
-697.722888
-695.7643132
-693.5319263
-691.498156
-689.414916
-686.6967325
-683.8020693
-680.9902415
-677.7718046
-675.0687435
-672.8793389
-670.8274272
-668.4511332
-666.1761404
-663.7669571
-661.5634079
-658.9791086
-656.2469661
-654.3581665
-652.258764
-649.7473005
-647.3263695
-645.5018777
-642.9995783
-640.8034168
-639.3620548
-637.6738436
-635.7778384
-633.270782
-630.658184
-628.1090544
-626.0784701
-624.0953753
-621.8813236
-619.6914135
-617.7564414
-616.1612034
-614.461476
-612.8555344
-611.0267263
-608.9458583
-606.5596547
-604.1027648
-601.8012257
-599.5496968
-597.2110073
-595.0675229
-592.4756687
-589.571322
-586.9480103
-584.324055
-581.5731236
-578.5367608
-575.7900032
-573.0630464
-570.2631835
-567.5178528
-564.6181633
-561.4970494
-558.408721
-555.3292717
-552.0335036
-548.9353154
-545.7896469
-542.6511123
-539.1513473
-535.9381267
-532.9659148
-530.0731644
-527.209934
-524.4583039
-522.0826045
-519.4996225
-517.154566
-514.9332451
-512.6191922
-510.1765564
-507.9027847
-505.9660093
-503.9574549
-501.7825916
-499.8683443
-497.9148189
-496.141238
-494.2111416
-492.3196661
-490.2636593
-488.4947756
-486.6951839
-484.5652416
-482.5301506
-480.4873883
-478.4435403
-476.3009692
-474.1077581
-471.9008525
-469.7072962
-467.4337233
-465.1155625
-462.7117302
-460.3086124
-457.9440225
-455.5116031
-452.9803356
-450.2811543
-447.5856054
-444.9519614
-442.3217877
-439.765481
-437.1368372
-434.4647662
-431.7511422
-429.1597863
-426.53381
-423.9372292
-421.3301035
-418.7701575
-416.060275
-413.3966133
-410.8442956
-408.2370338
-405.6541555
-403.2450714
-400.9121078
-398.5361651
-396.1634075
-393.6311084
-391.1091029
-388.6491174
-386.1735794
-383.7606037
-381.414307
-379.2709447
-377.1911952
-375.1394167
-373.0660164
-371.0244735
-368.9336679
-366.8734608
-364.8643258
-362.8899528
-360.8717104
-358.94041
-357.0336721
-355.2289781
-353.4999452
-351.7464617
-349.9367569
-348.2173377
-346.5122505
-344.7608954
-342.9885648
-341.2267592
-339.4414514
-337.8297371
-336.1399241
-334.4970187
-332.9314229
-331.3754724
-329.8720719
-328.3613395
-326.8404493
-325.214457
-323.5065692
-321.7316623
-319.9987277
-318.2354539
-316.513146
-314.7718292
-313.1213222
-311.3730126
-309.2266038
-307.2162084
-305.3022353
-303.4406373
-301.598897
-299.6937232
-297.8139862
-295.769962
-293.8928341
-292.0023054
-290.1595305
-288.2076321
-286.1265714
-284.2142194
-282.2367239
-280.4239653
-278.7858485
-277.2448862
-275.5025461
-273.8487213
-272.2779683
-270.9705882
-269.488376
-268.0375307
-266.6746877
-265.4172853
-264.0991988
-262.6750941
-261.2233065
-259.9270641
-258.5705988
-257.3705402
-256.0238975
-254.5825576
-253.0439571
-251.4742237
-250.0237982
-248.5915803
-247.1693853
-245.6904607
-244.2765178
-242.7691886
-241.4255489
-239.8742515
-238.2850147
-236.9951227
-235.763098
-234.4345723
-233.1362546
-231.895671
-230.8575516
-229.7249329
-228.595486
-227.4160492
-226.4610329
-225.4335591
-224.5342011
-223.758812
-222.9654448
-222.2213546
-221.4519892
-220.5918792
-219.8277533
-219.1086186
-218.112023
-216.9677431
-215.9654366
-214.9048387
-214.1913702
-213.3370942
-212.3618643
-211.3888632
-210.3111453
-209.0052549
-207.6234784
-206.2955239
-204.9264532
-203.4864401
-201.963212
-200.3670064
-198.9158087
-197.3771244
-195.8170909
-194.2115782
-192.8847897
-191.4960348
-189.8451689
-188.3143363
-187.0567565
-185.6590047
-184.4089331
-183.2190799
-181.9994984
-181.0082249
-179.9840625
-178.7079759
-177.4147501
-176.4097308
-175.3159934
-174.1977152
-173.1794533
-172.1620578
-171.111842
-170.1606593
-168.9881981
-167.6651893
-166.8134215
-165.8901896
-164.6026876
-163.2647826
-162.2625793
-161.1811058
-160.3716638
-159.4090853
-158.4132179
-157.5382208
-156.5450284
-155.8535487
-155.1138368
-154.1725361
-152.9499636
-151.6898943
-150.2687002
-148.8058119
-147.1111389
-145.4096986
-143.5865809
-141.5927451
-139.6769401
-137.9099047
-135.9838218
-134.6385334
-133.6338551
-132.8182674
-131.7901837
-130.9857073
-130.2296694
-129.8736229
-129.129746
-128.6367521
-128.0159023
-127.6915928
-126.9810466
-126.4669535
-126.0682717
-125.9662804
-125.7753322
-125.2208444
-124.6216962
-123.9715277
-123.3810832
-122.4726178
-121.799968
-120.4445975
-119.6298508
-118.4009809
-117.3258258
-116.0270444
-114.7576635
-113.8080842
-112.6563933
-111.5185447
-110.6141291
-109.8135311
-109.151639
-107.9951742
-106.5613408
-105.2182165
-104.2106315































































































































































































































































































































































































































































































































































































































































