400
-2998.660565
-2995.480649
-2992.300733
-2989.120817
-2989.120817
-2989.120817
-2989.120817
-2985.940902
-2982.760986
-2979.58107
-2976.401154
-2976.401154
-2976.401154
-2973.221239
-2970.041323
-2966.861407
-2963.681491
-2960.501576
-2957.32166
-2954.141744
-2950.961828
-2947.781913
-2944.601997
-2941.422081
-2938.242165
-2935.062249
-2931.882333
-2928.702417
-2925.522502
-2922.342586
-2919.16267
-2915.982755
-2912.802839
-2910.682895
-2908.562951
-2906.443007
-2903.263092
-2900.083176
-2896.90326
-2893.723344
-2890.543429
-2887.363513
-2884.183597
-2881.003681
-2881.003681
-2881.003681
-2874.64385
-2868.284018
-2865.104103
-2861.924187
-2858.744271
-2855.564355
-2855.564355
-2855.564355
-2852.38444
-2849.204524
-2846.024608
-2842.844692
-2839.664777
-2836.484861
-2834.364917
-2832.244973
-2830.125029
-2826.945114
-2823.765198
-2820.585282
-2817.405366
-2814.22545
-2811.045534
-2807.865619
-2804.685703
-2798.325872
-2791.96604
-2788.786124
-2785.606208
-2785.606208
-2785.606208
-2779.246377
-2772.886545
-2769.70663
-2766.526714
-2760.166882
-2753.807051
-2753.807051
-2753.807051
-2750.627135
-2747.447219
-2744.267304
-2741.087388
-2736.8475
-2732.607613
-2728.367725
-2725.187809
-2722.007893
-2718.827978
-2715.648062
-2715.648062
-2715.648062
-2712.468146
-2709.28823
-2706.108315
-2702.928399
-2696.568567
-2690.208735
-2687.02882
-2683.848904
-2680.668988
-2677.489072
-2674.309157
-2671.129241
-2667.949325
-2664.769409
-2661.589493
-2658.409578
-2655.229662
-2652.049746
-2648.869831
-2645.689915
-2642.509999
-2639.330083
-2637.210139
-2635.090196
-2632.970252
-2629.790336
-2626.61042
-2623.430505
-2620.250589
-2620.250589
-2620.250589
-2617.070673
-2613.890757
-2610.710842
-2607.530926
-2604.35101
-2601.171094
-2597.991179
-2594.811263
-2591.631347
-2588.451431
-2585.271516
-2582.0916
-2575.731769
-2569.371937
-2566.192021
-2563.012105
-2559.832189
-2556.652273
-2554.532329
-2552.412386
-2550.292442
-2547.112526
-2543.93261
-2543.93261
-2543.93261
-2540.752695
-2537.572779
-2534.392863
-2531.212947
-2524.853116
-2518.493284
-2518.493284
-2518.493284
-2512.133453
-2505.773621
-2502.593706
-2499.41379
-2496.233874
-2493.053958
-2489.874043
-2486.694127
-2483.514211
-2480.334295
-2473.974463
-2467.614632
-2464.434717
-2461.254801
-2459.134857
-2457.014913
-2454.894969
-2451.715054
-2448.535138
-2442.175306
-2435.815474
-2435.815474
-2435.815474
-2432.635559
-2429.455643
-2426.275727
-2423.095811
-2419.915896
-2416.73598
-2413.556064
-2410.376148
-2410.376148
-2410.376148
-2410.376148
-2410.376148
-2404.016317
-2397.656485
-2394.47657
-2391.296654
-2388.116738
-2384.936822
-2384.936822
-2384.936822
-2380.696934
-2376.457047
-2372.217159
-2369.037244
-2365.857328
-2362.677412
-2359.497496
-2356.317581
-2353.137665
-2349.957749
-2346.777833
-2343.597918
-2340.418002
-2337.238086
-2334.05817
-2327.698339
-2321.338507
-2318.158591
-2314.978675
-2311.79876
-2308.618844
-2305.438928
-2302.259012
-2295.899181
-2289.539349
-2286.359434
-2283.179518
-2281.059574
-2278.93963
-2276.819686
-2270.459855
-2264.100023
-2260.920108
-2257.740192
-2254.560276
-2251.38036
-2248.200445
-2245.020529
-2245.020529
-2245.020529
-2241.840613
-2238.660697
-2235.480782
-2232.300866
-2232.300866
-2232.300866
-2229.12095
-2225.941034
-2219.581203
-2213.221371
-2210.041455
-2206.86154
-2200.501708
-2194.141876
-2190.961961
-2187.782045
-2185.662101
-2183.542157
-2181.422213
-2178.242298
-2175.062382
-2171.882466
-2168.70255
-2165.522635
-2162.342719
-2159.162803
-2155.982887
-2152.802972
-2149.623056
-2146.44314
-2143.263224
-2140.083309
-2136.903393
-2130.543562
-2124.18373
-2121.003814
-2117.823898
-2114.643982
-2111.464067
-2108.284151
-2105.104235
-2101.92432
-2098.744404
-2095.564488
-2092.384572
-2092.384572
-2092.384572
-2092.384572
-2086.024741
-2079.664909
-2076.484993
-2073.305077
-2070.125162
-2066.945246
-2066.945246
-2066.945246
-2063.76533
-2060.585414
-2057.405499
-2054.225583
-2051.045667
-2047.865751
-2044.685836
-2041.50592
-2038.326004
-2035.146088
-2031.966173
-2028.786257
-2022.426425
-2016.066594
-2012.886678
-2009.706762
-2006.526847
-2003.346931
-1999.107043
-1994.867156
-1990.627268
-1990.627268
-1990.627268
-1984.267437
-1977.907605
-1974.727689
-1971.547773
-1968.367858
-1965.187942
-1958.82811
-1952.468278
-1949.288363
-1946.108447
-1942.928531
-1939.748615
-1936.5687
-1933.388784
-1930.208868
-1927.028952
-1923.849036
-1920.669121
-1914.30929
-1907.949458
-1904.769542
-1901.589626
-1895.229795
-1888.869963
-1888.869963
-1888.869963
-1884.630075
-1880.390188
-1876.1503
-1872.970385
-1869.790469
-1866.610553
-1863.430637
-1860.250722
-1857.070806
-1853.89089
-1850.710974
-1847.531059
-1844.351143
-1841.171227
-1837.991311
-1831.631479
-1825.271648
-1822.091732
-1818.911816
-1815.731901
-1812.551985
-1809.372069
-1806.192153
-1799.832322
-1793.47249
-1790.292575
-1787.112659
-1784.992715
-1782.872771
-1780.752827
-1774.392995
-1768.033164
-1764.853249
-1761.673333
-1758.493417
-1755.313501
-1752.133586
-1748.95367
-1742.593839
-1736.234007
-1736.234007
-1736.234007
-1729.874176
-1723.514344
-1717.154513
-1710.794681
-1710.794681
-1710.794681
-1704.434849
-1698.075017
-1694.895101
-1691.715186
-1688.53527
-1685.355354
-1682.175439
-1678.995523
-1676.875579
-1674.755635
-1672.635691
-1669.455776
-1666.27586
-1659.916029
-1653.556197
-1650.376281
-1647.196365
-1644.01645
-1640.836534
-1637.656618
-1634.476702
-1628.116871
-1621.757039
-1618.577124
-1615.397208
-1612.217292
-1609.037376
-1605.857461
-1602.677545
-1599.497629
-1596.317713
-1593.137798
-1589.957882
-1589.957882
-1589.957882
-1587.837938
-1585.717994
-1583.59805
-1580.418134
-1577.238218
-1574.058303
-1570.878387
-1570.878387
-1570.878387
-1567.698471
-1564.518555
-1561.33864
-1558.158724
-1551.798893
-1545.439061
-1542.259145
-1539.079229
-1532.719398
-1526.359566
-1523.179651
-1519.999735
-1513.639904
-1507.280072
-1500.920241
-1494.560409
-1488.200578
-1481.840746
-1478.66083
-1475.480914
-1473.36097
-1471.241027
-1469.121083
-1465.941167
-1462.761251
-1459.581335
-1456.401419
-1450.041587
-1443.681756
-1443.681756
-1443.681756
-1440.501841
-1437.321925
-1437.321925
-1437.321925
-1434.142009
-1430.962093
-1427.782178
-1424.602262
-1421.422346
-1418.24243
-1418.24243
-1418.24243
-1411.882598
-1405.522767
-1402.342852
-1399.162936
-1397.042992
-1394.923048
-1392.803104
-1383.263357
-1373.72361
-1370.543694
-1367.363778
-1364.183863
-1361.003947
-1354.644116
-1348.284284
-1345.104368
-1341.924452
-1335.56462
-1329.204789
-1326.024873
-1322.844957
-1319.665042
-1316.485126
-1313.30521
-1310.125294
-1306.945379
-1303.765463
-1303.765463
-1303.765463
-1300.585547
-1297.405631
-1294.225716
-1291.0458
-1284.685969
-1278.326137
-1276.206193
-1274.086249
-1271.966305
-1265.606474
-1259.246642
-1256.066727
-1252.886811
-1249.706895
-1246.526979
-1240.167147
-1233.807316
-1230.627401
-1227.447485
-1224.267569
-1221.087653
-1214.727822
-1208.36799
-1205.188074
-1202.008158
-1198.828243
-1195.648327
-1192.468411
-1189.288495
-1186.10858
-1182.928664
-1179.748748
-1176.568832
-1170.209001
-1163.849169
-1161.729225
-1159.609282
-1157.489338
-1151.129507
-1144.769675
-1141.589759
-1138.409843
-1135.229928
-1132.050012
-1132.050012
-1132.050012
-1125.690181
-1119.330349
-1119.330349
-1119.330349
-1116.150433
-1112.970517
-1109.790601
-1106.610686
-1103.43077
-1100.250854
-1097.070938
-1093.891022
-1090.711107
-1087.531191
-1084.351275
-1081.171359
-1079.051415
-1076.931472
-1074.811528
-1071.631612
-1068.451696
-1062.091865
-1055.732033
-1052.552118
-1049.372202
-1043.012371
-1036.652539
-1033.472623
-1030.292707
-1023.932876
-1017.573044
-1014.393129
-1011.213213
-1004.853381
-998.4935496
-995.3136339
-992.1337181
-988.9538023
-985.7738865
-982.5939707
-979.414055
-973.0542235
-966.694392
-963.5144762
-960.3345604
-958.2146166
-956.0946727
-953.9747289
-950.7948132
-947.6148974
-944.4349817
-941.2550659
-938.0751501
-934.8952343
-931.7153186
-928.5354028
-925.3554871
-922.1755713
-918.9956556
-915.8157398
-909.4559083
-903.0960767
-899.916161
-896.7362452
-890.3764137
-884.0165821
-880.8366664
-877.6567506
-871.2969191
-864.9370875
-864.9370875
-864.9370875
-864.9370875
-864.9370875
-860.6971998
-856.4573122
-852.2174245
-845.857593
-839.4977614
-836.3178457
-833.1379299
-829.9580142
-826.7780984
-823.5981827
-820.4182669
-814.0584354
-807.6986038
-804.5186881
-801.3387723
-798.1588566
-794.9789408
-791.799025
-788.6191092
-785.4391935
-782.2592777
-775.8994462
-769.5396147
-766.3596989
-763.1797831
-763.1797831
-763.1797831
-759.9998673
-756.8199516
-752.5800639
-748.3401763
-744.1002886
-740.9203728
-737.740457
-734.5605412
-731.3806255
-725.020794
-718.6609624
-715.4810467
-712.3011309
-709.1212152
-705.9412994
-702.7613837
-699.5814679
-693.2216363
-686.8618048
-686.8618048
-686.8618048
-680.5019733
-674.1421418
-667.7823103
-661.4224787
-658.242563
-655.0626472
-651.8827314
-648.7028157
-646.5828718
-644.462928
-642.3429841
-642.3429841
-642.3429841
-639.1630684
-635.9831526
-632.8032369
-629.6233211
-626.4434053
-623.2634896
-620.0835738
-616.903658
-613.7237423
-610.5438265
-604.183995
-597.8241635
-594.6442477
-591.4643319
-588.2844162
-585.1045004
-581.9245847
-578.7446689
-569.2049216
-559.6651743
-553.3053428
-546.9455113
-543.7655955
-540.5856797
-537.4057639
-534.2258482
-532.1059044
-529.9859605
-527.8660167
-524.6861009
-521.5061851
-518.3262694
-515.1463536
-508.7865221
-502.4266906
-499.2467748
-496.066859
-492.8869433
-489.7070275
-486.5271118
-483.347196
-480.1672803
-476.9873645
-470.627533
-464.2677014
-464.2677014
-464.2677014
-461.0877857
-457.9078699
-454.7279541
-451.5480384
-448.3681226
-445.1882068
-440.9483191
-436.7084315
-432.4685438
-429.2886281
-426.1087123
-422.9287965
-419.7488807
-413.3890492
-407.0292177
-403.849302
-400.6693862
-397.4894704
-394.3095546
-387.9497231
-381.5898916
-378.4099759
-375.2300601
-372.0501443
-368.8702285
-362.510397
-356.1505655
-352.9706498
-349.790734
-346.6108182
-343.4309024
-340.2509866
-337.0710709
-333.8911552
-330.7112394
-330.7112394
-330.7112394
-330.7112394
-327.5313236
-324.3514078
-321.1714921
-317.9915763
-314.8116606
-311.6317448
-308.4518291
-305.2719133
-298.9120817
-292.5522502
-289.3723345
-286.1924187
-283.012503
-279.8325872
-276.6526714
-273.4727556
-270.2928399
-267.1129241
-260.7530926
-254.3932611
-248.0334296
-241.673598
-238.4936823
-235.3137665
-233.1938227
-231.0738788
-228.953935
-222.5941035
-216.2342719
-213.0543562
-209.8744404
-203.5146089
-197.1547773
-193.9748616
-190.7949458
-187.6150301
-184.4351143
-178.0752827
-171.7154512
-168.5355355
-165.3556197
-162.175704
-158.9957882
-152.6359567
-146.2761251
-143.0962093
-139.9162936
-136.7363779
-133.5564621
-130.3765463
-127.1966305
-125.0766867
-122.9567428
-120.836799
-120.836799
-120.836799
-114.4769675
-108.117136
-104.9372202
-101.7573044
-98.57738866
-95.39747291
-89.03764139
-82.67780986
-79.49789409
-76.31797833
-73.13806257
-69.95814681
-63.59831528
-57.23848375
-54.05856799
-50.87865223
-47.69873646
-44.5188207
-38.15898918
-31.79915765
-28.61924189
-25.43932612
-19.0794946
-12.71966307
-10.59971923
-8.479775387
-6.359831546
-3.179915782
-1.86E-08
3.179915745
6.359831508
9.539747269
12.71966303
15.8995788
19.07949456
22.25941033
25.43932609
28.61924185
31.79915761
34.97907338
38.15898914
41.3389049
44.51882066
47.69873643
50.87865219
57.23848372
63.59831524
66.77823101
69.95814677
73.13806253
76.31797829
78.43792213
80.55786598
82.67780982
89.03764135
95.39747287
98.57738864
101.7573044
104.9372202
108.1171359
114.4769674
120.836799
127.1966305
133.556462
136.7363778
139.9162936
146.2761251
152.6359566
155.8158724
158.9957881
162.1757039
165.3556197
171.7154512
178.0752827
181.2551985
184.4351142
184.4351142
184.4351142
187.61503
190.7949458
190.7949458
190.7949458
190.7949458
197.1547773
203.5146088
203.5146088
203.5146088
206.6945245
209.8744403
209.8744403
209.8744403
216.2342719
222.5941034
228.9539349
235.3137664
238.4936822
241.673598
248.0334295
254.393261
257.5731768
260.7530925
263.9330083
267.1129241
270.2928399
273.4727556
279.8325871
286.1924186
289.3723344
292.5522502
296.7921379
301.0320255
305.2719132
308.451829
311.6317448
317.9915763
324.3514078
327.5313236
330.7112393
337.0710708
343.4309024
346.6108182
349.7907339
352.9706497
356.1505654
362.510397
368.8702285
372.0501443
375.23006
384.7698073
394.3095546
394.3095546
394.3095546
394.3095546
394.3095546
398.5494423
402.7893299
407.0292176
407.0292176
407.0292176
413.3890492
419.7488807
422.9287965
426.1087122
429.288628
432.4685437
435.6484595
438.8283753
445.1882068
451.5480383
448.3681225
445.1882068
448.3681225
451.5480383
454.7279541
457.9078698
461.0877856
464.2677014
467.4476172
470.6275329
474.8674206
479.1073083
483.347196
486.5271118
489.7070275
492.8869433
496.066859
499.2467748
502.4266905
508.7865221
515.1463536
518.3262694
521.5061851
524.6861009
527.8660166
531.0459324
534.2258482
537.4057639
540.5856797
543.7655955
546.9455112
550.125427
553.3053427
555.4252866
557.5452304
559.6651743
562.8450901
566.0250058
569.2049216
572.3848373
578.7446688
585.1045004
578.7446688
572.3848373
575.5647531
578.7446688
581.9245846
585.1045004
585.1045004
585.1045004
588.2844162
591.4643319
594.6442477
597.8241634
601.0040792
604.1839949
606.3039388
608.4238826
610.5438265
613.7237423
616.903658
620.0835737
623.2634895
626.4434053
629.623321
629.623321
629.623321
632.8032368
635.9831526
639.1630684
642.3429841
645.5228998
648.7028156
651.8827314
655.0626472
658.242563
661.4224787
664.6023945
667.7823102
670.962226
674.1421417
674.1421417
674.1421417
674.1421417
677.3220575
680.5019733
683.6818891
686.8618048
690.0417206
693.2216363
696.4015521
699.5814678
702.7613836
705.9412994
709.1212152
712.3011309
712.3011309
712.3011309
715.4810467
718.6609624
721.8408782
725.0207939
728.2007097
731.3806255
734.5605412
737.740457
740.9203728
744.1002885
746.2202323
748.3401762
750.46012
753.6400358
756.8199516
756.8199516
756.8199516
