400
-999.6612832
-996.9073954
-994.1535076
-991.3996197
-989.5636945
-987.7277693
-985.8918441
-983.1379563
-980.3840684
-977.6301806
-974.8762927
-972.1224049
-969.3685171
-966.6146293
-963.8607414
-961.1068536
-958.3529658
-955.599078
-952.8451901
-950.0913022
-947.3374144
-941.8296388
-936.3218631
-933.5679753
-930.8140874
-928.0601996
-925.3063118
-922.552424
-919.7985361
-917.0446482
-914.2907604
-914.2907604
-914.2907604
-912.4548352
-910.61891
-908.7829848
-908.7829848
-908.7829848
-906.0290969
-903.2752091
-903.2752091
-903.2752091
-900.5213213
-897.7674334
-897.7674334
-897.7674334
-895.0135456
-892.2596578
-889.50577
-886.7518821
-883.9979942
-881.2441064
-881.2441064
-881.2441064
-878.4902186
-875.7363308
-872.982443
-870.2285551
-867.4746673
-864.7207794
-862.8848542
-861.048929
-859.2130038
-856.459116
-853.7052281
-850.9513402
-848.1974524
-845.4435646
-842.6896768
-839.935789
-837.1819011
-837.1819011
-837.1819011
-834.4280133
-831.6741254
-828.9202376
-826.1663498
-823.412462
-820.6585741
-817.9046863
-815.1507985
-812.3969107
-809.6430228
-809.6430228
-809.6430228
-806.889135
-804.1352471
-801.3813593
-798.6274715
-796.7915463
-794.955621
-793.1196958
-793.1196958
-793.1196958
-790.365808
-787.6119201
-784.8580323
-782.1041445
-782.1041445
-782.1041445
-779.3502567
-776.5963688
-773.842481
-771.0885931
-768.3347053
-765.5808175
-765.5808175
-765.5808175
-762.8269297
-760.0730418
-757.319154
-754.5652661
-751.8113783
-749.0574905
-749.0574905
-749.0574905
-746.3036026
-743.5497148
-743.5497148
-743.5497148
-741.7137896
-739.8778643
-738.0419391
-735.2880513
-732.5341635
-732.5341635
-732.5341635
-729.7802757
-727.0263878
-727.0263878
-727.0263878
-724.2725
-721.5186121
-718.7647243
-716.0108365
-716.0108365
-716.0108365
-713.2569486
-710.5030608
-707.749173
-704.9952851
-702.2413973
-699.4875095
-696.7336217
-693.9797338
-691.225846
-688.4719582
-686.636033
-684.8001077
-682.9641825
-682.9641825
-682.9641825
-680.2102946
-677.4564068
-674.702519
-671.9486312
-671.9486312
-671.9486312
-669.1947434
-666.4408555
-666.4408555
-666.4408555
-660.9330799
-655.4253042
-655.4253042
-655.4253042
-652.6714164
-649.9175285
-647.1636406
-644.4097528
-644.4097528
-644.4097528
-641.655865
-638.9019772
-636.1480894
-633.3942015
-631.5582763
-629.722351
-627.8864258
-627.8864258
-627.8864258
-625.132538
-622.3786502
-619.6247624
-616.8708745
-616.8708745
-616.8708745
-616.8708745
-616.8708745
-614.1169867
-611.3630988
-611.3630988
-611.3630988
-611.3630988
-611.3630988
-608.609211
-605.8553232
-605.8553232
-605.8553232
-603.1014354
-600.3475475
-597.5936597
-594.8397718
-592.085884
-589.3319962
-587.496071
-585.6601457
-583.8242205
-581.0703327
-578.3164448
-575.562557
-572.8086692
-572.8086692
-572.8086692
-570.0547814
-567.3008935
-564.5470057
-561.7931179
-559.0392301
-556.2853422
-553.5314544
-550.7775665
-548.0236787
-545.2697909
-545.2697909
-545.2697909
-542.515903
-539.7620152
-537.0081274
-534.2542395
-531.5003517
-528.7464639
-526.9105387
-525.0746134
-523.2386882
-523.2386882
-523.2386882
-520.4848004
-517.7309125
-514.9770247
-512.2231369
-509.4692491
-506.7153612
-506.7153612
-506.7153612
-506.7153612
-506.7153612
-503.9614734
-501.2075855
-501.2075855
-501.2075855
-498.4536977
-495.6998099
-495.6998099
-495.6998099
-492.9459221
-490.1920342
-487.4381464
-484.6842585
-481.9303707
-479.1764829
-477.3405577
-475.5046324
-473.6687072
-470.9148194
-468.1609315
-465.4070437
-462.6531559
-459.8992681
-457.1453802
-457.1453802
-457.1453802
-454.3914924
-451.6376045
-451.6376045
-451.6376045
-446.1298288
-440.6220532
-437.8681654
-435.1142776
-432.3603897
-429.6065019
-426.8526141
-424.0987262
-424.0987262
-424.0987262
-421.3448384
-418.5909506
-418.5909506
-418.5909506
-416.7550254
-414.9191001
-413.0831749
-413.0831749
-413.0831749
-410.3292871
-407.5753992
-407.5753992
-407.5753992
-407.5753992
-407.5753992
-404.8215114
-402.0676236
-402.0676236
-402.0676236
-399.3137358
-396.5598479
-396.5598479
-396.5598479
-393.8059601
-391.0520722
-388.2981844
-385.5442966
-385.5442966
-385.5442966
-382.7904088
-380.0365209
-377.2826331
-374.5287452
-374.5287452
-374.5287452
-374.5287452
-371.7748574
-369.0209696
-366.2670818
-363.5131939
-363.5131939
-363.5131939
-360.759306
-358.0054182
-358.0054182
-358.0054182
-355.2515304
-352.4976426
-349.7437548
-346.9898669
-344.235979
-341.4820912
-341.4820912
-341.4820912
-338.7282034
-335.9743156
-335.9743156
-335.9743156
-333.2204278
-330.4665399
-330.4665399
-330.4665399
-327.7126521
-324.9587642
-324.9587642
-324.9587642
-324.9587642
-322.2048764
-319.4509886
-319.4509886
-319.4509886
-316.6971008
-313.9432129
-313.9432129
-313.9432129
-311.1893251
-308.4354372
-308.4354372
-308.4354372
-308.4354372
-308.4354372
-305.6815494
-302.9276616
-302.9276616
-302.9276616
-300.1737738
-297.4198859
-294.6659981
-291.9121103
-291.9121103
-291.9121103
-290.0761851
-288.2402598
-286.4043346
-286.4043346
-286.4043346
-283.6504468
-280.8965589
-278.1426711
-275.3887833
-275.3887833
-275.3887833
-272.6348955
-269.8810076
-269.8810076
-269.8810076
-267.1271198
-264.3732319
-264.3732319
-264.3732319
-264.3732319
-264.3732319
-261.6193441
-258.8654563
-258.8654563
-258.8654563
-258.8654563
-258.8654563
-256.1115685
-253.3576806
-253.3576806
-253.3576806
-253.3576806
-253.3576806
-253.3576806
-250.6037928
-247.8499049
-247.8499049
-247.8499049
-247.8499049
-247.8499049
-245.0960171
-242.3421293
-242.3421293
-242.3421293
-239.5882415
-236.8343536
-236.8343536
-236.8343536
-234.0804657
-231.3265779
-231.3265779
-231.3265779
-231.3265779
-231.3265779
-231.3265779
-231.3265779
-231.3265779
-231.3265779
-231.3265779
-228.5726901
-225.8188023
-225.8188023
-225.8188023
-225.8188023
-225.8188023
-225.8188023
-225.8188023
-223.0649145
-220.3110266
-217.5571387
-214.8032509
-214.8032509
-214.8032509
-212.0493631
-209.2954753
-206.5415875
-203.7876996
-201.0338117
-198.2799239
-195.5260361
-192.7721483
-190.0182605
-187.2643726
-184.5104848
-181.7565969
-181.7565969
-181.7565969
-181.7565969
-179.0027091
-176.2488213
-176.2488213
-176.2488213
-173.4949335
-170.7410456
-170.7410456
-170.7410456
-170.7410456
-170.7410456
-170.7410456
-170.7410456
-170.7410456
-170.7410456
-167.9871578
-165.23327
-165.23327
-165.23327
-162.4793822
-159.7254943
-159.7254943
-159.7254943
-159.7254943
-159.7254943
-157.8895691
-156.0536438
-154.2177186
-154.2177186
-154.2177186
-154.2177186
-154.2177186
-154.2177186
-154.2177186
-151.4638308
-148.709943
-148.709943
-148.709943
-148.709943
-148.709943
-148.709943
-148.709943
-148.709943
-148.709943
-148.709943
-148.709943
-148.709943
-148.709943
-145.9560552
-143.2021673
-143.2021673
-143.2021673
-143.2021673
-143.2021673
-143.2021673
-143.2021673
-143.2021673
-143.2021673
-143.2021673
-143.2021673
-143.2021673
-143.2021673
-143.2021673
-143.2021673
-143.2021673
-143.2021673
-143.2021673
-143.2021673
-143.2021673
-143.2021673
-143.2021673
-143.2021673
-143.2021673
-143.2021673
-143.2021673
-143.2021673
-143.2021673
-143.2021673
-143.2021673
-143.2021673
-143.2021673
-140.4482795
-137.6943916
-137.6943916
-137.6943916
-137.6943916
-137.6943916
-137.6943916
-137.6943916
-137.6943916
-137.6943916
-137.6943916
-137.6943916
-137.6943916
-137.6943916
-137.6943916
-137.6943916
-137.6943916
-137.6943916
-137.6943916
-137.6943916
-137.6943916
-134.9405038
-132.186616
-132.186616
-132.186616
-132.186616
-132.186616
-132.186616
-132.186616
-132.186616
-132.186616
-132.186616
-132.186616
-132.186616
-132.186616
-132.186616
-132.186616
-132.186616
-132.186616
-132.186616
-132.186616
-132.186616
-132.186616
-132.186616
-134.9405038
-137.6943916
-137.6943916
-137.6943916
-137.6943916
-137.6943916
-137.6943916
-137.6943916
-134.9405038
-132.186616
-132.186616
-132.186616
-132.186616
-132.186616
-132.186616
-132.186616
-132.186616
-132.186616
-132.186616
-132.186616
-132.186616
-129.4327282
-126.6788403
-126.6788403
-126.6788403
-126.6788403
-126.6788403
-126.6788403
-126.6788403
-126.6788403
-126.6788403
-126.6788403
-126.6788403
-126.6788403
-126.6788403
-126.6788403
-126.6788403
-126.6788403
-126.6788403
-126.6788403
-126.6788403
-126.6788403
-126.6788403
-126.6788403
-126.6788403
-128.5147655
-130.3506908
-132.186616
-132.186616
-132.186616
-132.186616
-132.186616
-129.4327282
-126.6788403
-126.6788403
-126.6788403
-126.6788403
-126.6788403
-126.6788403
-126.6788403
-126.6788403
-126.6788403
-126.6788403
-126.6788403
-126.6788403
-126.6788403
-126.6788403
-126.6788403
-126.6788403
-126.6788403
-126.6788403
-126.6788403
-126.6788403
-126.6788403
-126.6788403
-126.6788403
-126.6788403
-129.4327282
-132.186616
-132.186616
-132.186616
-132.186616
-132.186616
-132.186616
-132.186616
-132.186616
-132.186616
-132.186616
-132.186616
-132.186616
-132.186616
-132.186616
-132.186616
-132.186616
-132.186616
-132.186616
-132.186616
-132.186616
-132.186616
-132.186616
-132.186616
-132.186616
-132.186616
-132.186616
-132.186616
-132.186616
-132.186616
-132.186616
-132.186616
-132.186616
-132.186616
-132.186616
-132.186616
-132.186616
-132.186616
-132.186616
-132.186616
-132.186616
-132.186616
-132.186616
-132.186616
-132.186616
-132.186616
-132.186616
-132.186616
-132.186616
-132.186616
-132.186616
-132.186616
-132.186616
-132.186616
-132.186616
-132.186616
-132.186616
-132.186616
-132.186616
-132.186616
-132.186616
-132.186616
-132.186616
-132.186616
-132.186616
-132.186616
-132.186616
-132.186616
-132.186616
-132.186616
-132.186616
-132.186616
-132.186616
-132.186616
-132.186616
-132.186616
-132.186616
-132.186616
-132.186616
-132.186616
-132.186616
-132.186616
-132.186616
-132.186616
-132.186616
-132.186616
-132.186616
-132.186616
-132.186616
-132.186616
-132.186616
-132.186616
-132.186616
-132.186616
-132.186616
-132.186616
-132.186616
-132.186616
-132.186616
-134.9405038
-137.6943916
-137.6943916
-137.6943916
-137.6943916
-137.6943916
-137.6943916
-137.6943916
-137.6943916
-137.6943916
-137.6943916
-137.6943916
-137.6943916
-137.6943916
-137.6943916
-137.6943916
-137.6943916
-137.6943916
-137.6943916
-137.6943916
-137.6943916
-137.6943916
-137.6943916
-137.6943916
-137.6943916
-137.6943916
-137.6943916
-137.6943916
-137.6943916
-137.6943916
-137.6943916
-137.6943916
-137.6943916
-137.6943916
-137.6943916
-137.6943916
-137.6943916
-137.6943916
-137.6943916
-137.6943916
-137.6943916
-137.6943916
-137.6943916
-137.6943916
-137.6943916
-137.6943916
-137.6943916
-137.6943916
-137.6943916
-137.6943916
-137.6943916
-137.6943916
-137.6943916
-137.6943916
-137.6943916
-137.6943916
-137.6943916
-137.6943916
-140.4482795
-143.2021673
-143.2021673
-143.2021673
-143.2021673
-143.2021673
-143.2021673
-143.2021673
-143.2021673
-143.2021673
-143.2021673
-143.2021673
-143.2021673
-143.2021673
-143.2021673
-143.2021673
-143.2021673
-143.2021673
-143.2021673
-143.2021673
-143.2021673
-143.2021673
-143.2021673
-143.2021673
-143.2021673
-143.2021673
-143.2021673
-143.2021673
-143.2021673
-143.2021673
-143.2021673
-145.9560552
-148.709943
-148.709943
-148.709943
-148.709943
-148.709943
-148.709943
-148.709943
-148.709943
-148.709943
-148.709943
-148.709943
-148.709943
-148.709943
-148.709943
-148.709943
-148.709943
-148.709943
-148.709943
-148.709943
-148.709943
-148.709943
-148.709943
-148.709943
-148.709943
-148.709943
-148.709943
-151.4638308
-154.2177186
-154.2177186
-154.2177186
-154.2177186
-154.2177186
-154.2177186
-154.2177186
-154.2177186
-154.2177186
-154.2177186
-154.2177186
-154.2177186
-154.2177186
-154.2177186
-154.2177186
-154.2177186
-154.2177186
-154.2177186
-154.2177186
-154.2177186
-154.2177186
-154.2177186
-156.9716065
-159.7254943
-159.7254943
-159.7254943
-159.7254943
-159.7254943
-159.7254943
-159.7254943
-159.7254943
-159.7254943
-159.7254943
-159.7254943
-157.8895691
-156.0536438
-154.2177186
-156.9716065
-159.7254943
-159.7254943
-159.7254943
-159.7254943
-159.7254943
-159.7254943
-159.7254943
-159.7254943
-159.7254943
-159.7254943
-159.7254943
-159.7254943
-159.7254943
-159.7254943
-159.7254943
-159.7254943
-159.7254943
-159.7254943
-159.7254943
-159.7254943
-159.7254943
-159.7254943
-159.7254943
-159.7254943
-159.7254943
-159.7254943
-159.7254943
-159.7254943
-159.7254943
-159.7254943
-159.7254943
-159.7254943
-159.7254943
-159.7254943
-159.7254943
-159.7254943
-159.7254943
-159.7254943
-159.7254943
-159.7254943
-159.7254943
-159.7254943
-159.7254943
-159.7254943
-159.7254943
-159.7254943
-159.7254943
-159.7254943
-159.7254943
-159.7254943
-159.7254943
-159.7254943
-159.7254943
-159.7254943
-159.7254943
-159.7254943
-159.7254943
-159.7254943
-159.7254943
-159.7254943
-159.7254943
-159.7254943
-159.7254943
-159.7254943
-159.7254943
-159.7254943
-159.7254943
-159.7254943
-159.7254943
-159.7254943
-159.7254943
-159.7254943
-159.7254943
-159.7254943
-159.7254943
-159.7254943
-159.7254943
-159.7254943
-159.7254943
-159.7254943
-159.7254943
-159.7254943
-162.4793822
-165.23327
-165.23327
-165.23327
-165.23327
-165.23327
-165.23327
-165.23327
-165.23327
-165.23327
-165.23327
-165.23327
-165.23327
-165.23327
-165.23327
-165.23327
-165.23327
-165.23327
-165.23327
-165.23327
-165.23327
-165.23327
-165.23327
-165.23327
-165.23327
-156.9716065
-148.709943
-148.709943
-148.709943
-148.709943
-148.709943
-148.709943
-148.709943
-148.709943
-148.709943
-145.9560552
-143.2021673
-143.2021673
-143.2021673
-143.2021673
-143.2021673
-143.2021673
-143.2021673
-143.2021673
-143.2021673
-143.2021673
-143.2021673
-143.2021673
-140.4482795
-137.6943916
-137.6943916
-137.6943916
-137.6943916
-137.6943916
-137.6943916
-137.6943916
-137.6943916
-137.6943916
-134.9405038
-132.186616
-132.186616
-132.186616
-132.186616
-132.186616
-132.186616
-132.186616
-132.186616
-132.186616
-132.186616
-132.186616
-132.186616
-129.4327282
-126.6788403
-126.6788403
-126.6788403
-126.6788403
-126.6788403
-126.6788403
-126.6788403
-126.6788403
-126.6788403
-123.9249525
-121.1710646
-121.1710646
-121.1710646
-121.1710646
-121.1710646
-121.1710646
-121.1710646
-121.1710646
-121.1710646
-121.1710646
-121.1710646
-121.1710646
-118.4171768
-115.663289
-115.663289
-115.663289
