0
-2573.857079
-2565.510794
-2553.276791
-2545.470542
-2551.901656
-2537.890354
-2523.815235
-2509.755306
-2485.820633
-2466.579533
-2448.854254
-2432.249601
-2417.16376
-2407.380469
-2399.154212
-2391.272518
-2381.117249
-2373.731919
-2366.163825
-2358.964335
-2350.803826
-2343.818072
-2340.506107
-2336.85846
-2333.612955
-2329.897559
-2330.959748
-2329.234051
-2327.08428
-2331.083071
-2335.296115
-2337.279304
-2342.537618
-2349.622634
-2355.075451
-2361.541476
-2367.353697
-2374.637434
-2383.341609
-2391.261787
-2400.625184
-2409.460535
-2420.659465
-2431.199325
-2438.556201
-2447.326375
-2452.868848
-2457.74865
-2461.316965
-2461.440816
-2461.64576
-2459.425638
-2456.148977
-2452.089307
-2445.419823
-2439.498101
-2431.986735
-2422.152806
-2413.353567
-2407.449107
-2401.532699
-2393.856158
-2385.148631
-2379.315529
-2372.305829
-2366.102552
-2360.103524
-2354.372539
-2349.441717
-2342.500236
-2333.316635
-2324.88711
-2317.284323
-2308.675166
-2299.153557
-2289.353048
-2279.753459
-2269.382593
-2260.974603
-2252.693147
-2245.05205
-2237.971675
-2229.787844
-2225.360832
-2221.299043
-2215.990912
-2213.688155
-2212.712261
-2212.915286
-2214.142711
-2213.158423
-2214.436815
-2216.009487
-2218.636642
-2220.869362
-2226.417502
-2232.553319
-2239.358848
-2245.60644
-2251.635325
-2258.821871
-2263.146873
-2270.978985
-2277.629735
-2285.55758
-2294.969394
-2307.452982
-2319.596544
-2333.229445
-2347.459717
-2357.328261
-2368.150467
-2379.21007
-2389.674753
-2399.783815
-2408.628738
-2416.548759
-2423.901674
-2430.431374
-2436.282952
-2442.163235
-2448.103671
-2454.014032
-2462.317438
-2470.76445
-2476.039566
-2480.654355
-2486.987573
-2493.168876
-2499.442482
-2502.533291
-2508.107971
-2509.765698
-2511.202759
-2513.249133
-2514.660999
-2515.590961
-2512.558957
-2508.975218
-2504.802417
-2499.941861
-2493.528046
-2488.308264
-2484.303411
-2481.895239
-2477.360011
-2472.800169
-2468.584237
-2464.619498
-2459.69754
-2452.537729
-2443.819995
-2431.612007
-2420.802927
-2411.417175
-2401.311033
-2390.569902
-2378.907368
-2368.477351
-2358.354847
-2351.105248
-2343.988255
-2334.863494
-2329.547002
-2323.460556
-2315.289262
-2305.799001
-2294.988008
-2284.621893
-2273.679093
-2260.13059
-2247.600562
-2235.606321
-2224.358985
-2212.062256
-2200.306466
-2189.167262
-2177.624634
-2166.07928
-2155.591108
-2147.104833
-2140.143414
-2133.974031
-2129.584873
-2124.671504
-2120.813383
-2117.504638
-2116.403665
-2115.626334
-2116.322626
-2117.202663
-2119.289374
-2120.19106
-2123.119418
-2125.703997
-2129.481587
-2134.459903
-2139.346191
-2144.291203
-2149.930304
-2155.397104
-2160.414627
-2167.739356
-2176.147247
-2186.88506
-2198.855386
-2209.530405
-2221.182477
-2233.386008
-2244.900539
-2256.99627
-2267.384053
-2276.54855
-2285.629856
-2293.391816
-2300.182158
-2306.598437
-2314.735833
-2322.107868
-2327.740872
-2333.776752
-2340.647957
-2347.195594
-2353.301673
-2357.493585
-2361.29869
-2363.144372
-2365.389326
-2366.41102
-2366.148248
-2364.45967
-2364.497639
-2363.23112
-2362.20264
-2359.301672
-2358.833996
-2357.645085
-2357.310241
-2357.02753
-2353.53369
-2350.995617
-2346.751816
-2342.658422
-2337.442225
-2330.68138
-2321.88622
-2314.590609
-2307.977877
-2300.900675
-2294.014395
-2287.16008
-2278.436931
-2270.380098
-2262.912634
-2254.930974
-2244.999347
-2233.570926
-2220.906496
-2207.70527
-2194.346832
-2181.257953
-2167.6619
-2153.933261
-2139.974226
-2127.725519
-2115.059782
-2103.313563
-2093.435544
-2083.370076
-2072.093291
-2063.586327
-2054.053672
-2045.55331
-2037.474657
-2030.494361
-2024.231484
-2017.306036
-2011.395769
-2005.716814
-2002.143043
-1997.734128
-1993.112615
-1989.452368
-1987.311894
-1986.908996
-1985.179362
-1987.669645
-1990.837842
-1995.345688
-2001.223199
-2007.528148
-2013.280581
-2016.962978
-2019.761082
-2024.56817
-2027.566124
-2031.933644
-2037.770609
-2042.346289
-2049.183488
-2056.84202
-2064.235943
-2072.92351
-2083.252466
-2092.498133
-2102.522708
-2111.174101
-2120.014259
-2127.017034
-2132.236795
-2137.435006
-2140.900389
-2142.813542
-2143.850926
-2144.305617
-2147.587606
-2148.729754
-2152.73596
-2157.393568
-2161.125355
-2164.723964
-2166.400094
-2166.111769
-2163.242863
-2162.280859
-2159.021283
-2155.704637
-2151.587294
-2144.475376
-2138.003549
-2131.893878
-2123.908787
-2116.751648
-2107.447301
-2100.572809
-2094.819458
-2087.775836
-2080.676229
-2072.885428
-2063.48384
-2055.600422
-2048.329839
-2040.956694
-2035.02301
-2029.436426
-2023.645219
-2016.89387
-2010.443342
-2004.723157
-1999.291424
-1994.396838
-1989.079507
-1983.755039
-1978.640738
-1974.841168
-1971.38942
-1967.525916
-1963.869656
-1961.09121
-1958.380646
-1956.428584
-1955.729998
-1954.761541
-1954.79537
-1954.574662
-1955.266037
-1955.522949
-1955.092974
-1954.990462
-1955.860515
-1956.972806
-1959.410312
-1960.314523
-1962.890522
-1965.44902
-1969.345523
-1973.221154
-1976.569565
-1978.497692
-1982.669435
-1987.549929
-1992.632476
-1997.254385
-2002.040829
-2006.027093
-2010.760538
-2016.195223
-2020.949703
-2026.740845
-2032.648618
-2037.6616
-2042.619517
-2046.11034
-2050.332248
-2055.433713
-2059.0096
-2062.755786
-2065.184559
-2066.947679
-2069.430768
-2071.140025
-2071.840604
-2073.308597
-2074.185803
-2074.886389
-2075.230842
-2074.885797
-2074.596024
-2074.947329
-2074.394541
-2074.219236
-2071.747992
-2069.020921
-2065.965846
-2062.596126
-2058.758114
-2054.090888
-2050.058644
-2045.772142
-2042.490647
-2038.262389
-2034.856293
-2031.171829
-2026.503101
-2022.444334
-2018.295831
-2013.075851
-2007.078772
-2001.337229
-1996.207374
-1990.625724
-1986.354588
-1982.512192
-1978.297117
-1974.118721
-1969.148378
-1964.262721
-1959.956969
-1955.877755
-1951.53131
-1947.502825
-1943.39892
-1939.166001
-1934.82629
-1930.250046
-1926.48788
-1922.566979
-1919.497942
-1916.064334
-1912.88805
-1909.814534
-1906.849638
-1904.472805
-1901.830968
-1898.902314
-1896.579779
-1895.295616
-1893.137319
-1890.695157
-1889.215699
-1888.400415
-1887.647035
-1886.662383
-1885.254112
-1883.964016
-1881.982771
-1880.865538
-1879.56596
-1878.346875
-1876.78328
-1874.048626
-1872.910761
-1871.155874
-1869.329884
-1868.015258
-1865.939262
-1863.520123
-1861.67126
-1860.069225
-1858.006736
-1855.513038
-1853.741632
-1851.309672
-1849.321443
-1847.550957
-1845.835671
-1844.025895
-1841.957151
-1839.468756
-1838.05993
-1836.610342
-1835.180084
-1832.833521
-1830.621077
-1829.23363
-1827.518909
-1825.438057
-1823.720051
-1821.750505
-1819.637999
-1817.431791
-1815.279177
-1812.799485
-1810.133648
-1807.586373
-1805.686
-1803.508295
-1800.617608
-1798.739688
-1797.014376
-1795.086595
-1792.776089
-1790.013711
-1787.388339
-1784.754838
-1781.556389
-1778.478623
-1774.718997
-1771.389142
-1767.896465
-1764.801932
-1761.380202
-1758.452858
-1754.95876
-1751.532303
-1748.740289
-1745.995256
-1742.709657
-1739.229951
-1736.032878
-1732.757582
-1729.08195
-1725.317941
-1721.698905
-1717.783561
-1714.383252
-1711.281793
-1708.123266
-1704.01105
-1701.001778
-1697.982112
-1694.837312
-1692.257849
-1689.253915
-1686.494907
-1683.607273
-1680.324787
-1677.854347
-1675.240805
-1671.645476
-1668.770546
-1665.574099
-1662.40631
-1658.528309
-1654.661228
-1651.470373
-1648.879265
-1646.090278
-1643.569917
-1641.192093
-1638.35787
-1636.227458
-1633.823457
-1631.515512
-1629.458022
-1627.368597
-1625.088844
-1623.098161
-1621.335207
-1618.986489
-1617.434184
-1615.633463
-1613.822211
-1612.089562
-1610.650045
-1609.195881
-1607.996661
-1606.79676
-1605.216292
-1603.339485
-1601.782198
-1600.39352
-1598.935875
-1597.576568
-1596.707569
-1595.642638
-1595.143765
-1594.610823
-1593.686496
-1593.782873
-1593.034772
-1591.691129
-1590.730249
-1589.901133
-1588.139608
-1587.896099
-1586.731109
-1585.39709
-1583.54525
-1582.244572
-1580.590426
-1579.154788
-1577.605456
-1575.734529
-1573.954261
-1571.81516
-1569.6318
-1567.341694
-1564.981958
-1562.482289
-1560.047228
-1557.787007
-1555.586862
-1552.976471
-1550.332731
-1546.952148
-1543.643025
-1540.479039
-1537.068539
-1533.814308
-1530.876509
-1527.894202
-1523.697154
-1520.524682
-1517.038655
-1512.763968
-1508.538244
-1504.672171
-1500.656385
-1497.496966
-1493.843661
-1490.076191
-1486.752933
-1482.77178
-1479.040046
-1475.226361
-1471.130438
-1467.809651
-1465.150325
-1461.800221
-1458.175722
-1455.601741
-1453.942937
-1452.267374
-1450.450322
-1448.963791
-1448.54558
-1447.717068
-1447.665711
-1448.054873
-1448.158407
-1448.164778
-1447.687127
-1447.654083
-1446.509688
-1445.740497
-1445.321741
-1444.097644
-1442.838911
-1441.095244
-1438.988179
-1436.646175
-1434.914072
-1432.304735
-1429.704241
-1426.735752
-1424.555765
-1421.274718
-1417.048969
-1412.006549
-1407.713529
-1403.14409
-1398.120783
-1393.535865
-1388.725002
-1383.897227
-1379.003471
-1374.483216
-1370.269821
-1366.126635
-1362.63866
-1358.704863
-1354.926746
-1351.932406
-1349.202295
-1346.461588
-1343.489849
-1340.699943
-1337.969842
-1334.308792
-1331.823045
-1328.545014
-1325.956573
-1323.14269
-1319.916146
-1316.728506
-1313.811097
-1311.1234
-1309.00156
-1307.094583
-1305.398001
-1303.260486
-1301.411127
-1299.913701
-1298.705216
-1297.803932
-1295.666439
-1294.978101
-1293.969372
-1292.569325
-1290.946523
-1289.495129
-1288.723364
-1287.525788
-1285.897435
-1284.412766
-1282.847457
-1280.758918
-1279.843275
-1279.06745
-1277.383962
-1275.919913
-1275.502753
-1274.480293
-1273.335656
-1271.120143
-1269.172475
-1267.024916
-1264.838842
-1261.741249
-1258.714758
-1255.250948
-1252.201419
-1248.856539
-1245.040661
-1241.503391
-1238.606544
-1235.225855
-1231.301555
-1227.318015
-1223.981224
-1220.514204
-1216.183645
-1212.058004
-1207.564829
-1202.821291
-1197.816441
-1192.784917
-1188.074903
-1183.533085
-1179.241441
-1175.27343
-1171.001047
-1166.348859
-1161.860871
-1157.462666
-1153.064433
-1148.812765
-1143.909692
-1139.215792
-1134.91257
-1130.781901
-1126.658148
-1122.284142
-1118.158431
-1114.324514
-1110.609513
-1106.694528
-1103.423894
-1100.133493
-1096.384742
-1092.764571
-1089.550537
-1086.139106
-1082.858402
-1079.356011
-1076.165095
-1073.680022
-1070.463829
-1067.247635
-1064.080366
-1060.876403
-1057.770418
-1056.09193
-1054.727797
-1052.552102
-1050.68818
-1048.661634
-1046.557968
-1044.607589
-1042.785401
-1041.072019
-1040.055562
-1039.390245
-1038.332228
-1037.044493
-1035.652846
-1034.947446
-1034.237453
-1032.615414
-1031.35474
-1030.170413
-1029.125087
-1026.952875
-1025.094785
-1023.397363
-1021.567955
-1019.15954
-1016.523081
-1014.579775
-1012.603356
-1010.126494
-1007.910431
-1005.698951
-1002.962289
-999.7794614
-996.7501182
-993.9187708
-990.2945985
-986.8601924
-983.1787894
-979.4045649
-975.7176557
-972.9789328
-969.3462219
-965.7191053
-961.4507213
-957.9959392
-954.4696058
-950.6961234
-946.5825412
-943.3816856
-940.4575099
-937.2091707
-933.9041339
-930.9683055
-927.8884572
-925.081382
-922.2675405
-919.6020503
-916.6917967
-914.172992
-911.5159979
-909.27819
-906.5179638
-903.3670947
-900.7317042
-897.9660927
-895.2917536
-892.6276885
-889.9547593
-886.9525727
-884.1731833
-881.0974022
-878.1258323
-874.9844354
-872.0278168
-868.7212921
-865.3984396
-861.7694497
-858.6526428
-855.4309369
-852.7378825
-849.7926191
-847.1584671
-844.0156691
-841.1510057
-838.5173315
-835.6997364
-833.0808533
-830.7994192
-828.3847706
-825.848306
-823.7884439
-821.5415888
-818.984147
-817.5132712
-815.6345403
-813.8213616
-812.3963017
-810.8706332
-809.6193258
-808.1473153
-806.9240231
-805.6711406
-804.7182174
-803.4050575
-801.7272826
-800.7766957
-799.3742324
-797.5790242
-795.7569334
-794.1358691
-792.1225746
-789.7955341
-787.5724086
-784.9731941
-782.67645
-780.0996218
-777.7068555
-775.0692825
-772.4448285
-769.8481764
-767.2110395
-764.2501195
-761.2431161
-758.5323985
-755.5509177
-752.2329483
-748.9446802
-745.5678495
-742.199473
-738.747723
-735.2600442
-731.8195181
-728.3861906
-725.0688712
-721.601631
-718.6575034
-715.3728323
-711.6033412
-708.5227945
-705.1022845
-701.046244
-697.7519848
-694.3927559
-691.2467531
-688.0105907
-684.4492872
-681.6055111
-678.5134111
-675.6089532
-672.8231346
-669.7236539
-667.1605969
-664.3592451
-661.4976109
-658.869252
-656.0497728
-653.004439
-650.5053991
-648.2743042
-645.3786
-642.5532494
-639.877155
-637.4135924
-634.7921635
-632.0952162
-629.622737
-627.049044
-624.6354515
-622.3132252
-619.7202264
-617.0491057
-614.8344707
-612.6864745
-610.453082
-608.099898
-605.6664845
-603.4706604
-601.3048863
-598.8708511
-596.6141908
-594.3787801
-591.9680999
-589.7726818
-587.3280729
-584.9089315
-582.2952784
-579.8946811
-577.1848802
-574.3017645
-571.4308167
-568.4121374
-565.6184402
-562.8234609
-559.8675392
-556.6551171
-553.6533765
-550.6147792
-547.5554346
-543.9109831
-540.3907439
-537.0906751
-533.9295056
-530.5974884
-527.126241
-523.9063472
-520.8352036
-517.5792929
-513.9495327
-511.1488801
-507.9525997
-504.6235817
-501.2699428
-497.9945905
-495.0523281
-492.3014377
-489.5000473
-487.0471647
-484.4441163
-481.6323619
-478.4806732
-475.5942715
-472.3799404
-468.758917
-465.5033449
-462.374736
-459.0990432
-455.91497
-452.4525237
-449.6710136
-446.3818489
-443.0063318
-439.9362298
-436.8300194
-433.7150629
-430.7537637
-427.8002788
-424.7957027
-422.1789136
-419.6151696
-417.297372
-414.8951457
-412.1538145
-409.5346564
-407.1015295
-404.4870189
-402.3436247
-399.7814139
-397.071428
-394.5997579
-392.248932
-389.5697063
-387.1113866
-384.7310167
-382.2981451
-379.9554417
-377.7902325
-375.5415229
-372.8866421
-370.5689327
-368.2335427
-365.7254161
-363.1527521
-360.4267687
-357.5816039
-354.7493012
-351.982668
-349.2343083
-346.467046
-343.623116
-340.5439234
-337.5187816
-334.5932717
-331.4361019
-328.2966566
-325.4073305
-322.5963694
-319.5966046
-316.7599609
-313.4111204
-309.9801772
-306.6534283
-303.4529314
-300.1445253
-296.8899888
-293.2682633
-289.8260004
-286.5286125
-283.6369427
-280.8210798
-278.0194449
-275.0457678
-272.345309
-269.1358307
-265.650496
-262.3353041
-259.0166458
-255.5828853
-252.653136
-249.5619423
-246.2051865
-242.8928171
-239.8214199
-236.5982459
-233.7947864
-231.1503834
-228.3622605
-225.5420784
-222.8567074
-220.2988529
-217.5242219
-214.7799097
-212.3305711
-209.7705593
-206.9731345
-204.5503388
-202.341292
-199.896606
-197.7960739
-195.3393256
-192.6867103
-190.0977275
-187.7449984
-184.9680412
-182.4946619
-179.8484426
-177.0570224
-174.1164407
-170.8919058
-167.861709
-165.0125625
-162.0559703
-158.7325114
-155.5243766
-152.5314797
-149.2807633
-145.7868083
-142.1761987
-138.9142566
-135.4450547
-131.9206479
-128.3810228
-124.6261865
-120.864461
-117.3324814
-113.5461955
-109.9427266
-106.2319625
-102.4952517
-98.78416221
-95.12055133
-91.4153722
-87.75400672
-84.07679495
-80.26397838
-76.54904068
-72.89545506
-69.31680158
-65.95349793
-62.75609361
-59.61155129
-56.57205469
-53.46027732
-50.35328279
-47.23296638
-44.12838058
-40.98086462
-37.82796435
-34.77865168
-31.67284706
-28.67283456
-25.82492922
-23.00384965
-20.19259866
-17.57439738
-14.85338089
-12.05178156
-9.432905783
-6.808242821
-4.214621488
-1.595753405
1.010276311
3.670814522
6.219121177
8.803812181
11.323568
13.91853119
16.48105203
19.10852029
21.78431414
24.47368056
27.2367436
30.00422582
32.75777036
35.44414713
38.23915539
41.02257539
43.89412679
46.82217054
49.69880402
52.51510417
55.50971635
58.54269489
61.58102798
64.74493412
67.84385136
71.09953397
74.34375335
77.63825965
81.11538069
84.53835054
88.00266841
91.5990183
95.27415512
98.92719522
102.6267162
106.3728331
110.1181839
113.874661
117.6028496
121.357947
125.1323854
128.8430472
132.5225589
136.242081
140.0534685
143.7835157
147.5390075
151.3158967
154.9500279
158.5435398
162.2452938
165.8378736
169.3851396
172.7380009
176.0436348
179.2553845
182.3887008
185.5524005
188.6354011
191.5947486
194.5379641
197.4664965
200.3490261
203.2425843
206.0414616
208.840415
211.6611912
214.4456652
217.2315735
220.068858
222.953577
225.8491189
228.6854206
231.5572499
234.5103001
237.5378297
240.5961859
243.5987855
246.6780872
249.8465047
252.9570799
256.1607286
259.3763083
262.7038949
266.0602649
269.409414
272.7675541
276.1738603
279.6137528
283.0524133
286.5169518
289.8641128
293.4398607
297.030454
300.6877981
304.4456082
308.2110381
311.979138
315.8639696
319.7802332
323.7355411
327.6515556
331.5701651
335.5655639
339.5725306
343.6036798
347.7068627
351.7578421
355.8220097
359.9201791
363.9972387
368.036097
372.0749553
376.1138136
380.1526719
384.1915302
388.2303884
392.2692467
396.308105
400.3469633
404.3858216
408.4246799
412.4635382
416.5023965
420.5412548
424.5801131
428.6189713
432.6578296
436.6966879
440.7355462
444.7744045
448.8132628
452.8521211
456.8909794
460.9298377
464.9686959
469.0075542
473.0464125
477.0852708
481.1241291
485.1629874
489.2018457
493.240704
497.2795623


