0
-1358.19519
-1352.856383
-1346.416163
-1342.159161
-1344.044585
-1336.971956
-1330.079805
-1323.003446
-1311.49631
-1301.94114
-1293.118906
-1284.527867
-1276.486569
-1270.917834
-1266.051163
-1261.11631
-1255.205591
-1250.379229
-1245.509638
-1240.780159
-1235.728377
-1231.2861
-1228.581269
-1225.629459
-1222.802815
-1219.797961
-1218.852691
-1216.734581
-1214.408128
-1215.040122
-1215.755866
-1215.363167
-1216.428666
-1218.501011
-1219.628863
-1221.164815
-1222.472311
-1224.293959
-1226.87234
-1229.22973
-1232.253974
-1234.85297
-1238.461565
-1241.978889
-1244.11961
-1246.845018
-1248.3448
-1249.566421
-1250.160174
-1249.323185
-1248.555987
-1246.831984
-1244.655594
-1242.104349
-1238.485905
-1235.175601
-1231.180801
-1226.168217
-1221.598406
-1218.189275
-1214.585102
-1210.370517
-1205.817548
-1202.417805
-1198.538503
-1194.951725
-1191.428105
-1187.967123
-1184.81889
-1180.905553
-1176.059459
-1171.516928
-1167.29004
-1162.597852
-1157.603299
-1152.49998
-1147.466068
-1142.064651
-1137.407215
-1132.837773
-1128.52554
-1124.429806
-1119.915017
-1116.840805
-1113.926705
-1110.532608
-1108.300941
-1106.584262
-1105.31774
-1104.402087
-1102.686853
-1101.839257
-1101.083706
-1100.773799
-1100.345534
-1101.183028
-1102.308685
-1103.73276
-1104.896682
-1105.964336
-1107.410785
-1107.936247
-1109.727449
-1111.042244
-1112.947574
-1115.506948
-1119.223989
-1122.765014
-1126.92131
-1131.265903
-1133.940305
-1137.019235
-1140.18164
-1143.100479
-1145.926341
-1148.256561
-1150.226155
-1152.058349
-1153.518537
-1154.709082
-1155.889862
-1157.096714
-1158.333152
-1160.388303
-1162.483805
-1163.421882
-1164.051467
-1165.325151
-1166.500193
-1167.692908
-1167.720808
-1168.678404
-1168.067407
-1167.357151
-1166.924244
-1166.255076
-1165.436058
-1163.054858
-1160.454311
-1157.634155
-1154.533138
-1150.983399
-1147.846589
-1144.999065
-1142.72042
-1139.675405
-1137.462977
-1134.699057
-1131.932166
-1128.764556
-1124.825034
-1120.279574
-1114.514061
-1109.207832
-1104.458059
-1099.449242
-1094.187603
-1088.583967
-1083.377033
-1078.237984
-1074.004062
-1069.908639
-1065.096488
-1061.592445
-1057.807489
-1053.313108
-1048.292283
-1042.840196
-1037.545416
-1032.049106
-1025.567706
-1019.420873
-1013.5569
-1008.005891
-1002.136777
-996.5281153
-991.1496488
-985.6567117
-980.2370535
-975.2003856
-970.9226211
-967.1762701
-963.7972448
-961.0591007
-958.1110777
-955.5966081
-953.2752401
-951.7746584
-950.3406292
-949.4637243
-948.6810053
-948.3235953
-947.5524889
-947.5039564
-947.3179017
-947.5949832
-948.3354368
-949.0927814
-949.9117708
-950.9147887
-951.9161286
-952.7730389
-954.3943692
-956.4397714
-959.1812813
-962.3001495
-964.9524045
-967.9742675
-971.1783278
-974.1513463
-977.3217153
-979.8991139
-981.9814944
-984.0186459
-985.6913111
-987.0451851
-988.2161318
-989.8361055
-991.2168006
-991.9728757
-992.7497477
-993.7869907
-994.7183491
-995.4763345
-995.5378707
-995.3921668
-994.5302493
-993.8948417
-992.8297987
-991.227245
-989.1061415
-987.5751667
-985.636417
-983.703148
-981.0689307
-979.1555075
-976.9483081
-974.9725504
-973.026152
-970.0800293
-967.3522294
-964.0240538
-960.731285
-957.1402996
-953.0114902
-948.2905494
-944.0222133
-939.9716622
-935.8125533
-931.7639682
-927.6947035
-923.1175782
-918.7421568
-914.4696253
-910.1350139
-905.2726691
-899.9519828
-894.3519544
-888.5872391
-882.8260756
-877.1892717
-871.3489151
-865.520842
-859.7117079
-854.502403
-849.2409879
-844.1384166
-839.7103213
-835.2604638
-830.3585132
-826.4138429
-822.2942649
-818.4705765
-814.759706
-811.4755233
-808.464012
-805.386256
-802.5687909
-799.9391566
-797.9176531
-795.7578251
-793.490428
-791.5685558
-790.0990375
-789.1343605
-787.7380558
-787.6039023
-787.6644729
-788.0825352
-788.9450267
-789.987551
-790.8674457
-791.2599821
-791.3124691
-792.0107974
-792.1490862
-792.6746129
-793.5466438
-794.04423
-795.1272583
-796.3571241
-797.4908808
-798.9246815
-800.7577038
-802.286063
-803.9639421
-805.2371557
-806.4767679
-807.2077392
-807.4202118
-807.5339315
-807.1883825
-806.3531942
-805.1557515
-803.7314442
-803.0139317
-801.6338581
-800.980595
-800.4587653
-799.7196936
-798.8861581
-797.465312
-795.5079744
-792.9080465
-790.8072758
-788.1183986
-785.4099722
-782.4861884
-778.7058389
-775.1343618
-771.6919231
-767.760931
-764.0608499
-759.7545916
-756.1721934
-752.8709946
-749.26039
-745.6114541
-741.8427024
-737.7084719
-733.9789896
-730.529714
-727.1154635
-724.155524
-721.3402828
-718.4542513
-715.3535299
-712.3920842
-709.7437485
-707.1714487
-704.7756719
-702.2790231
-699.8536058
-697.5455124
-695.6206078
-693.819446
-691.8997528
-690.0749218
-688.4602147
-686.9630526
-685.6817841
-684.7534061
-683.7294125
-682.9577754
-682.1005351
-681.4564966
-680.7029662
-679.7264341
-678.8390578
-678.1503465
-677.4396905
-677.058468
-676.2976447
-675.9574374
-675.6063403
-675.5341072
-675.4435636
-675.1635814
-674.3948175
-674.2021239
-674.0868624
-674.0072794
-673.7957147
-673.5836685
-673.0603956
-672.7132465
-672.5056354
-672.1011633
-671.9489899
-671.7776002
-671.3379452
-670.8698169
-669.970668
-669.2674955
-668.7118021
-667.7425069
-666.8321429
-665.6073973
-664.1529717
-662.9125346
-661.4933588
-659.8615881
-658.358686
-656.6776578
-654.9576272
-653.1053628
-651.0921735
-649.1241276
-647.3565089
-645.3875413
-643.5773378
-641.2974047
-638.9614249
-636.5834264
-634.2297541
-631.8260717
-629.1962411
-626.7608834
-624.3020464
-622.134512
-619.7967879
-617.6583601
-615.4257669
-612.9918692
-610.7758778
-608.5733131
-606.1473924
-603.5791898
-601.1243351
-598.905447
-596.5922079
-594.6103349
-592.7389661
-590.7508428
-588.7719541
-586.6032509
-584.4523852
-582.3761382
-580.3681794
-578.2949938
-576.2989136
-574.3109043
-572.3239512
-570.2100214
-568.0595602
-566.0094466
-563.9173809
-561.9827696
-559.8927879
-557.7951231
-555.7575647
-553.7370995
-551.8298492
-549.8130277
-547.7027098
-545.7961864
-544.0812546
-542.1662437
-540.2181334
-538.3904455
-536.7497011
-535.104225
-533.3288549
-531.4578397
-529.6081105
-527.6415359
-525.8807398
-524.055204
-522.3481789
-520.6165736
-518.6590414
-516.9995484
-515.2307236
-513.4287665
-511.7007
-509.8324565
-507.9491486
-506.19772
-504.462755
-502.6653654
-500.8104092
-499.0838661
-497.2820451
-495.5104676
-493.797214
-492.0967733
-490.4285177
-488.6935552
-486.8032095
-485.1211803
-483.4676854
-481.8238764
-479.9875634
-478.2106528
-476.5954047
-474.9068521
-473.1363079
-471.4355238
-469.6449006
-467.8347617
-465.94407
-464.0443777
-462.0808674
-460.0813791
-458.0988198
-456.1835596
-454.1974715
-452.2358191
-450.4102568
-448.603323
-446.7811076
-444.9467511
-443.0282286
-441.093753
-439.1574457
-437.1478596
-435.2477111
-433.1944789
-431.1882927
-429.182763
-427.343314
-425.5255562
-423.8628156
-422.1275531
-420.4186969
-418.8290679
-417.2208024
-415.6520342
-414.1148221
-412.6626676
-411.0747627
-409.4609364
-407.8533916
-406.3238512
-404.777598
-403.3225736
-401.9403377
-400.6416729
-399.1390131
-397.8547365
-396.5796794
-395.2617624
-394.0854583
-392.7834233
-391.5417169
-390.2910805
-389.0010435
-387.7850503
-386.5356507
-385.121393
-383.8440047
-382.5188937
-381.1615128
-379.7331529
-378.2635453
-376.8983787
-375.5992543
-374.2770566
-372.9787183
-371.6412047
-370.3036419
-369.0473658
-367.6874219
-366.285124
-364.9576713
-363.58949
-362.1998585
-360.8412797
-359.5133185
-358.0694579
-356.7558856
-355.4521563
-354.1204891
-352.7523752
-351.4448872
-350.1124912
-348.8450539
-347.4951464
-346.0739043
-344.6159663
-343.2314341
-341.8490227
-340.4347093
-339.0283256
-337.6482912
-336.2718717
-334.9886515
-333.7279221
-332.3852517
-331.1531312
-329.7904771
-328.3631118
-326.9839602
-325.6279271
-324.136472
-322.8679322
-321.48587
-320.0448677
-318.5956188
-317.2062007
-315.7804699
-314.393347
-312.9757632
-311.5095609
-310.0515939
-308.5966463
-307.1729308
-305.7248295
-304.3122583
-302.8613076
-301.4555413
-300.0704256
-298.6527381
-297.2157541
-295.7888011
-294.2955329
-292.8305548
-291.3563562
-289.8926507
-288.4681856
-287.0793602
-285.6510899
-284.1679767
-282.8335296
-281.3863564
-279.8895265
-278.4635597
-277.0845351
-275.6662784
-274.32955
-272.9180873
-271.483784
-270.105479
-268.6307172
-267.1755505
-265.7205019
-264.2336093
-262.8485905
-261.4767766
-260.0475967
-258.571579
-257.2148478
-255.9474479
-254.6860758
-253.4021514
-252.1158538
-250.8813956
-249.6439744
-248.5237236
-247.4004758
-246.2486476
-245.0805833
-243.8228052
-242.6413843
-241.3292002
-240.0974433
-238.8828561
-237.6196092
-236.3781398
-235.1157795
-233.8488616
-232.5885926
-231.4196737
-230.1384713
-228.811292
-227.4918246
-226.2525865
-224.9439562
-223.5406738
-222.083179
-220.7110261
-219.2956812
-217.9005456
-216.5238852
-215.0110535
-213.5621234
-212.1499485
-210.8111364
-209.4950692
-208.2310168
-207.0629821
-205.863438
-204.6697154
-203.5599047
-202.3838329
-201.211238
-200.0074131
-198.8282946
-197.6771099
-196.4354404
-195.3018062
-194.1281348
-192.9616997
-191.7452337
-190.5081742
-189.2912286
-188.1094386
-186.8907511
-185.7458098
-184.6207041
-183.4831452
-182.3538115
-181.2499879
-180.1156395
-179.0025282
-177.9408847
-176.849079
-175.8188301
-174.8347227
-173.792149
-172.7308145
-171.682221
-170.6857649
-169.6870001
-168.6677026
-167.6046711
-166.5308556
-165.4154457
-164.3916311
-163.3909093
-162.339061
-161.3203575
-160.3717179
-159.4303712
-158.4566529
-157.4409952
-156.4473196
-155.443684
-154.4503597
-153.4011298
-152.3347649
-151.2005603
-150.1217141
-149.0475988
-147.9627355
-146.8736747
-145.8259382
-144.7981175
-143.7237842
-142.6640389
-141.5938464
-140.5216139
-139.4092301
-138.3009367
-137.1394413
-135.9371023
-134.7459013
-133.5321568
-132.3849028
-131.2009785
-130.0551129
-128.9468895
-127.8467952
-126.75559
-125.6920638
-124.6245731
-123.5370263
-122.5186429
-121.5167349
-120.5662018
-119.6569553
-118.8118985
-117.9627091
-117.064703
-116.235371
-115.420312
-114.6616109
-113.8613108
-113.2550354
-112.7963598
-112.0796827
-111.4204407
-110.930399
-110.3518517
-109.7724369
-109.1469487
-108.5883457
-108.25176
-107.7043845
-107.1570089
-106.665131
-106.1316298
-105.6712044
-105.3425475
-105.1203775
-104.9009452
-104.7269909
-104.5250272
-104.4738408
-104.4590994
-104.5255264
-104.5804805
-104.7266539
-104.9574531
-105.2019431
-105.3561642
-105.4469212
-105.7055943
-106.0326734
-106.3228869
-106.5419023
-106.7651582
-107.015167
-107.2562704
-107.4761425
-107.6964165
-107.9111375
-108.1022831
-108.2549129
-108.4350815
-108.6303223
-108.7233854
-108.8671057
-109.0010227
-109.0304307
-108.9869891
-108.892662
-108.8137893
-108.6119962
-108.3788158
-108.0778562
-107.7439702
-107.3842168
-107.0326219
-106.6326074
-106.1702137
-105.6757815
-105.1904811
-104.6702638
-104.1342629
-103.5985908
-103.064004
-102.5488145
-102.0268299
-101.5040956
-100.9733363
-100.4545095
-99.97161575
-99.50085302
-99.04361428
-98.57115151
-98.15387785
-97.74740502
-97.37396911
-97.00067094
-96.62467551
-96.29240485
-95.97741001
-95.69422002
-95.42240412
-95.15985779
-94.9088099
-94.69735032
-94.49713519
-94.31913641
-94.14343108
-93.9940196
-93.84790077
-93.7075836
-93.5841955
-93.47428572
-93.3718565
-93.28353774
-93.20061884
-93.10594623
-93.00890705
-92.92517495
-92.85158839
-92.77001704
-92.69953009
-92.62293645
-92.53386932
-92.45867271
-92.38814938
-92.29867663
-92.19808567
-92.11423238
-92.03381181
-91.95682833
-91.86580785
-91.78141187
-91.68867806
-91.61048794
-91.5420666
-91.46522449
-91.37251663
-91.2725352
-91.19126379
-91.1247685
-91.0166198
-90.89709699
-90.7894943
-90.69236635
-90.58114011
-90.47478608
-90.35933435
-90.22093074
-90.10897908
-90.00905356
-89.91539945
-89.81774417
-89.73487672
-89.6559721
-89.6020445
-89.54700421
-89.51543581
-89.49953491
-89.47535723
-89.46190931
-89.49094054
-89.52772567
-89.57563443
-89.63516868
-89.73426707
-89.83694837
-89.97605931
-90.1220499
-90.28963888
-90.47649057
-90.64135819
-90.79667383
-90.95337435
-91.13694729
-91.30413927
-91.47576799
-91.64236324
-91.81519772
-91.97148222
-92.12747851
-92.28340701
-92.41787816
-92.55089336
-92.67147878
-92.77596051
-92.87589024
-92.97689921
-93.07164528
-93.1452269
-93.20405661
-93.26399383
-93.33985721
-93.39279019
-93.4436064
-93.50955232
-93.58017269
-93.6552627
-93.73295258
-93.80653779
-93.89111276
-93.96828422
-94.05533757
-94.14683205
-94.23781514
-94.34119452
-94.46085301
-94.58965214
-94.71715153
-94.85655517
-94.99761752
-95.14584863
-95.30085867
-95.4726686
-95.64190223
-95.81513471
-95.97983329
-96.1432418
-96.30352695
-96.46644784
-96.62341113
-96.78714724
-96.94741981
-97.10053792
-97.24382643
-97.39296757
-97.5450701
-97.69262829
-97.83067512
-97.9683295
-98.09844112
-98.23731518
-98.39375831
-98.5274383
-98.66204032
-98.79986729
-98.93562798
-99.06848235
-99.19445258
-99.32353094
-99.45174825
-99.58293509
-99.70607957
-99.86396035
-100.0063907
-100.1265219
-100.2523812
-100.3951429
-100.5546036
-100.7144607
-100.8570376
-101.0090049
-101.156779
-101.2991088
-101.4391511
-101.5661984
-101.6858065
-101.8063082
-101.9314487
-102.0738567
-102.2279621
-102.3776562
-102.5187453
-102.670244
-102.8135309
-102.9622849
-103.1195552
-103.2682722
-103.4100593
-103.5623781
-103.7214553
-103.8788113
-104.0390758
-104.213429
-104.3937477
-104.5622465
-104.7311654
-104.9014292
-105.0804093
-105.2736818
-105.4732065
-105.666222
-105.8578567
-106.0566081
-106.264665
-106.4702997
-106.6844693
-106.8924227
-107.117794
-107.3489151
-107.5959588
-107.8252302
-108.0403147
-108.260897
-108.4718826
-108.677694
-108.8761069
-109.0551006
-109.2532032
-109.4345994
-109.6234664
-109.8065942
-110.0011597
-110.20673
-110.4053795
-110.596492
-110.8074349
-111.0271901
-111.2852334
-111.5626161
-111.8380989
-112.1200929
-112.4071234
-112.671437
-112.9247145
-113.1889242
-113.4522586
-113.7189895
-113.983194
-114.2399607
-114.4883406
-114.7553203
-115.0357073
-115.3430891
-115.6911727
-116.0496513
-116.4080814
-116.730744
-117.0585979
-117.3966096
-117.7199217
-118.0440597
-118.3785438
-118.6948817
-119.0056788
-119.3193642
-119.627205
-119.9336972
-120.3134649
-120.6377357
-121.0596869
-121.4497566
-121.8265888
-122.230543
-122.6247069
-123.0131113
-123.424784
-123.8539365
-124.2720913
-124.6917003
-125.1106061
-125.5180103
-125.9356665
-126.3604543
-126.7660596
-127.1622199
-127.5816166
-127.9913077
-128.4147537
-128.8222465
-129.2189395
-129.6196598
-129.966163
-130.3509221
-130.7365078
-131.0825166
-131.4023995
-131.7436047
-132.0996618
-132.4136489
-132.7122591
-132.9963132
-133.2996121
-133.5711558
-133.8371142
-134.10179
-134.3262285
-134.5405258
-134.8054029
-135.0872193
-135.3689471
-135.5954367
-135.8255415
-136.0760944
-136.3374326
-136.6065092
-136.8909456
-137.1859355
-137.4746959
-137.778876
-138.0829129
-138.3572798
-138.636448
-138.9551086
-139.276987
-139.672869
-140.0911842
-140.504691
-140.9224397
-141.365094
-141.8235857
-142.2939847
-142.7627035
-143.2597764
-143.7840569
-144.3448522
-144.9262151
-145.5137091
-146.1414174
-146.7641527
-147.3714038
-148.039334
-148.7286376
-149.4229383
-150.1308653
-150.8494811
-151.5258238
-152.2146952
-152.920877
-153.6545715
-154.3898416
-155.1437701
-155.8807427
-156.5800659
-157.272953
-157.933637
-158.6136699
-159.3105065
-160.0395592
-160.7177469
-161.3828253
-161.9931079
-162.5990402
-163.1766311
-163.7271745
-164.2797032
-164.8180204
-165.3267545
-165.7965515
-166.2375625
-166.6411696
-167.0457333
-167.443212
-167.7607304
-168.0454866
-168.2913018
-168.4946363
-168.7223541
-168.9253246
-169.0841669
-169.1861787
-169.2785253
-169.3852418
-169.4854122
-169.5555336
-169.6921772
-169.8900668
-170.0501718
-170.2688355
-170.4754909
-170.7159755
-170.9454185
-171.2460832
-171.5920394
-171.9662326
-172.3613349
-172.8439717
-173.3361342
-173.8410306
-174.3830389
-174.9608726
-175.5585614
-176.1591601
-176.8085547
-177.5244594
-178.2569794
-179.0075097
-179.7628431
-180.5246126
-181.3407024
-182.1575594
-182.9765113
-183.8242599
-184.6419464
-185.4312325
-186.2182644
-187.0294281
-187.8620899
-188.6694574
-189.4020218
-190.1038773
-190.8162818
-191.5472881
-192.2061289
-192.8355164
-193.4962386
-194.1297567
-194.7574457
-195.293231
-195.8316183
-196.3771867
-196.9352601
-197.4587845
-197.9333409
-198.4114923
-198.8977675
-199.4537096
-199.8920816
-200.2899875
-200.5981329
-200.8428684
-201.0932197
-201.3248005
-201.4322535
-201.5187467
-201.5577243
-201.6066634
-201.6479418
-201.6397866
-201.6113848
-201.5035869
-201.3089417
-201.1758543
-201.0097022
-200.8219235
-200.6244278
-200.5035976
-200.3827675
-200.2619373
-200.1411072
-200.020277
-199.8994469
-199.7786167
-199.6577866
-199.5369564
-199.4161263
-199.2952961
-199.174466
-199.0536358
-198.9328057
-198.8119755
-198.6911454
-198.5703152
-198.4494851
-198.3286549
-198.2078248
-198.0869946
-197.9661645
-197.8453343
-197.7245042
-197.603674
-197.4828438
-197.3620137
-197.2411835
-197.1203534
-196.9995232
-196.8786931
-196.7578629
-196.6370328
