598
-1996.388203
-1994.680682
-1971.722455
-1927.621426
-1879.64679
-1842.117298
-1824.038212
-1843.433896
-1871.183005
-1893.83144
-1921.565786
-1948.631494
-1971.932542
-1980.918171
-1983.995078
-1984.849449
-1985.422928
-1984.939071
-1981.496292
-1976.473144
-1972.030887
-1968.904817
-1969.613875
-1969.311595
-1967.692454
-1962.524793
-1955.973786
-1948.187838
-1940.067353
-1929.638993
-1923.436702
-1921.998038
-1917.722921
-1913.893799
-1909.896548
-1904.537454
-1898.379455
-1890.554052
-1880.33748
-1870.364534
-1860.575722
-1851.837795
-1844.458013
-1838.234906
-1832.721857
-1828.190428
-1824.29891
-1820.547057
-1816.996747
-1814.004573
-1811.062517
-1808.655068
-1805.928877
-1803.386744
-1801.515543
-1799.962465
-1799.160032
-1797.723317
-1796.873214
-1796.409532
-1796.204412
-1796.086335
-1795.624595
-1795.700801
-1795.029488
-1793.336713
-1791.756483
-1785.342371
-1777.709957
-1770.286891
-1764.300273
-1758.247685
-1751.761708
-1744.814407
-1737.723475
-1731.08478
-1724.007159
-1716.643688
-1709.763418
-1703.031294
-1696.026621
-1688.800293
-1681.958001
-1673.096104
-1663.455466
-1653.29252
-1643.139005
-1633.034863
-1623.574708
-1613.824435
-1603.392229
-1592.846003
-1582.700969
-1573.291318
-1564.138564
-1555.211407
-1547.326719
-1539.254586
-1531.56007
-1525.17259
-1519.354767
-1514.390984
-1508.759315
-1504.245552
-1500.19631
-1496.412262
-1492.998154
-1489.750421
-1487.125953
-1485.351754
-1483.511262
-1482.680373
-1483.26439
-1484.472273
-1485.818754
-1487.380074
-1489.309198
-1491.685717
-1495.143211
-1498.430208
-1502.282896
-1508.007034
-1512.888186
-1517.434626
-1521.92266
-1526.569173
-1531.182804
-1535.728422
-1540.172004
-1545.089786
-1549.149445
-1552.406948
-1555.274966
-1558.431907
-1560.433174
-1561.180744
-1561.766156
-1562.131827
-1561.539566
-1557.93007
-1553.887383
-1550.247051
-1545.989314
-1541.005094
-1537.441606
-1533.3271
-1530.837573
-1528.572449
-1525.618095
-1522.595789
-1519.617956
-1516.559825
-1513.037148
-1509.372028
-1506.153434
-1502.812575
-1499.27031
-1495.781652
-1491.364355
-1486.7883
-1482.975289
-1479.162278
-1474.587229
-1470.006676
-1465.186343
-1460.373801
-1455.441458
-1449.966057
-1444.970266
-1439.818234
-1434.773457
-1429.863532
-1424.953607
-1420.043682
-1415.133757
-1413.482017
-1411.684309
-1408.958711
-1405.67198
-1402.562965
-1399.201482
-1395.686907
-1391.868367
-1387.578862
-1383.220821
-1378.898711
-1373.980809
-1368.735857
-1363.762843
-1358.288616
-1352.651759
-1346.959916
-1341.176615
-1335.306232
-1329.356666
-1323.549122
-1317.245454
-1310.832437
-1303.984495
-1297.716243
-1291.656689
-1285.349412
-1279.040088
-1272.852843
-1266.517031
-1260.498147
-1254.338698
-1247.953077
-1241.731852
-1235.405091
-1229.210139
-1222.902022
-1216.89696
-1210.904683
-1204.76561
-1198.056315
-1190.56259
-1182.985285
-1175.467898
-1168.107232
-1160.525001
-1153.341953
-1146.457148
-1140.014462
-1133.031781
-1125.782486
-1118.592751
-1111.50758
-1104.247827
-1097.410164
-1090.491719
-1082.269758
-1073.907511
-1065.591369
-1057.28646
-1049.258447
-1041.646607
-1034.445757
-1027.711039
-1021.426852
-1015.770987
-1011.296061
-1005.718469
-999.5708056
-993.4231417
-987.2754778
-981.127814
-974.9801501
-968.8324862
-962.6848224
-956.5371585
-952.151046
-947.9914219
-942.6058586
-936.9758118
-931.7762585
-927.6949375
-924.627572
-922.5880842
-921.3833645
-920.4093172
-917.5563381
-914.7033591
-911.8503801
-908.997401
-906.144422
-903.2914429
-900.4384639
-897.5854848
-897.1113118
-897.3460027
-898.1093642
-899.4041524
-900.9315934
-902.2541911
-903.9101889
-906.0963584
-908.3431925
-910.7614515
-913.6467036
-916.4939521
-919.7770149
-923.3530856
-926.9668262
-930.8255739
-934.6999679
-938.428251
-942.4824545
-946.4601225
-950.3842168
-953.9125105
-957.0109728
-959.3184937
-961.0303373
-962.4538375
-963.3021539
-963.5761931
-963.3990499
-962.9529634
-962.6431092
-962.0986338
-961.0879842
-960.1419943
-959.3515176
-958.6130747
-957.6645274
-956.1474035
-954.0738005
-951.65073
-948.9415545
-945.8889889
-942.3699812
-938.6377389
-934.6018453
-930.3074131
-926.1330273
-921.7045507
-917.0379413
-912.008329
-906.7270966
-901.5269518
-896.8922791
-892.5322226
-887.8072195
-882.4172518
-875.8546498
-868.5315474
-860.6115336
-852.3762097
-844.4579022
-836.4563056
-828.3786132
-820.4780393
-813.3945455
-806.4858056
-799.6158036
-792.868274
-786.1401995
-779.1345477
-772.4464673
-766.2282908
-761.1809977
-756.124906
-751.3673302
-745.6969656
-739.392026
-732.8582884
-726.3297346
-719.8052481
-713.2088567
-706.7136699
-700.3071017
-693.9880852
-687.9057006
-681.9179014
-676.2535364
-670.7382569
-664.5622344
-658.216991
-652.9561986
-648.1601876
-643.9943069
-640.0061517
-636.1559758
-632.5367239
-628.9773014
-625.4270566
-621.692022
-617.8636217
-614.3973624
-611.1539841
-608.4261671
-605.6717117
-602.6250085
-599.7472165
-597.1658709
-595.0248654
-593.4098648
-591.8201726
-590.6049357
-589.7149023
-589.1806626
-588.3405019
-587.6626417
-587.2393855
-586.3865877
-585.8248915
-585.3390879
-584.9658556
-584.690541
-584.3052277
-583.884441
-583.5712603
-583.1067141
-582.4431683
-581.7688453
-581.3468012
-580.584536
-579.8224436
-578.9815944
-578.1345207
-577.1257386
-576.1093999
-575.011556
-574.2671183
-573.5243268
-572.6496622
-571.8019437
-570.7094168
-569.2376567
-567.7362106
-566.0737081
-564.1381894
-562.1174763
-559.7273343
-556.955473
-554.1799257
-551.0162268
-547.6340788
-543.8850983
-540.0925646
-536.0000318
-531.579929
-526.8810975
-522.1383745
-517.1493769
-511.6459137
-506.1209887
-500.5901494
-494.5114204
-488.3560441
-482.1310546
-475.8230737
-469.4394227
-462.8378721
-455.6077912
-448.0878526
-440.3987332
-432.8705344
-425.1769654
-417.3412744
-409.5035416
-401.7057897
-393.8548531
-386.2553875
-378.5296935
-370.9389795
-363.2262178
-355.7764191
-348.4131665
-341.4376041
-335.0373432
-328.7335027
-322.6701548
-316.8366814
-311.1156619
-305.5054442
-300.0878743
-294.6722265
-289.3596542
-284.1394736
-279.0860606
-274.3172528
-269.6699488
-265.1031526
-260.664889
-256.4590632
-252.4740526
-248.6874073
-244.9685115
-241.3598191
-237.6268562
-233.8508125
-230.5007167
-227.4176202
-224.4971314
-221.6983317
-218.7845489
-215.7168067
-212.9974162
-210.6231222
-208.2910642
-206.0749947
-204.0176383
-202.032401
-200.2526294
-198.4500767
-196.5715158
-194.7030612
-193.1459723
-191.4417054
-189.9331013
-188.4724195
-187.04166
-185.7215996
-184.5110384
-183.2230848
-181.8155128
-180.6626979
-179.3010512
-177.8010969
-176.1466805
-174.4687966
-172.6945561
-170.8956637
-168.9305762
-166.9025873
-164.8395773
-162.7136064
-160.4107279
-158.0347481
-155.79993
-153.5848086
-151.2921866
-148.909763
-146.4420994
-143.8162043
-141.035007
-138.2821094
-135.7630947
-133.2440799
-130.7250652
-128.2060505
-125.6870715
-123.1680653
-120.6490591
-118.1300529
-115.6110467
-112.9937055
-110.2856948
-107.7039248
-105.1221549































































































































































































































































































































































































































































































































































































































































































