598
-320.1011701
-319.1345927
-316.8495256
-313.4605562
-309.7605225
-306.5543218
-304.3243991
-303.9323251
-303.925702
-303.7228963
-303.6746751
-303.5711586
-303.3861406
-302.4841965
-301.3009785
-300.0881309
-298.8724568
-297.6585487
-296.2982033
-294.8909769
-293.4922044
-292.158279
-290.9797343
-289.7825336
-288.5407529
-287.1777367
-285.7552772
-284.3024076
-282.8449499
-281.2920684
-279.915537
-278.7297959
-277.4269403
-276.1552016
-274.8923743
-273.5386712
-272.1823261
-270.8064883
-269.3634519
-267.939201
-266.5426925
-265.1917946
-263.9082465
-262.6660883
-261.4559077
-260.2338368
-259.0492298
-257.8946605
-256.7598176
-255.6340588
-254.4836223
-253.3663635
-252.2455254
-251.1529183
-250.079146
-249.0103275
-247.9616154
-246.8983939
-245.8577522
-244.8251446
-243.7840288
-242.7479623
-241.7026631
-240.6750016
-239.631723
-238.5696433
-237.5110594
-236.3655369
-235.2070411
-234.0493917
-232.909172
-231.7816674
-230.6520884
-229.5239012
-228.3998221
-227.2773217
-226.1446001
-225.0172861
-223.908361
-222.8129972
-221.7171561
-220.6079977
-219.5085305
-218.3852024
-217.2817579
-216.1704472
-215.0616315
-213.9517782
-212.8494244
-211.7550726
-210.6669125
-209.5721185
-208.4842693
-207.4033383
-206.3298577
-205.2745797
-204.2332918
-203.1813297
-202.1385891
-201.1081268
-200.0907073
-199.0914058
-198.0998745
-197.1034553
-196.0958762
-195.0784896
-194.0667325
-193.0775032
-192.0964715
-191.1299181
-190.1851399
-189.2533979
-188.3615837
-187.4787514
-186.5789749
-185.681805
-184.7911116
-183.896376
-182.9963239
-182.0936388
-181.1968717
-180.2999612
-179.4210247
-178.551073
-177.6954342
-176.8537656
-176.0193698
-175.1870367
-174.3728189
-173.5565593
-172.7548866
-171.9755279
-171.2154178
-170.4627528
-169.7167234
-169.0074574
-168.2949845
-167.5992895
-166.9180481
-166.2654218
-165.6204809
-164.9826842
-164.3661887
-163.7592453
-163.1198643
-162.5091536
-161.8757238
-161.2467932
-160.6397502
-160.0390726
-159.4232716
-158.8112472
-158.2137197
-157.6262106
-157.0180456
-156.4195471
-155.8515207
-155.2669483
-154.7395719
-154.2205105
-153.654824
-153.0891375
-152.5884135
-152.1018927
-151.6375825
-151.1718255
-150.7140177
-150.3044821
-149.8595103
-149.4260863
-148.9822434
-148.5244602
-148.0666771
-147.608894
-147.1511109
-146.7047464
-146.2792826
-145.8451342
-145.4112311
-145.0373726
-144.6720956
-144.3214524
-143.9749116
-143.665029
-143.3804661
-143.094673
-142.8409505
-142.6105837
-142.3717864
-142.1746212
-141.996193
-141.8244831
-141.6631772
-141.5119373
-141.3746453
-141.2310507
-141.1065829
-140.9959193
-140.9040368
-140.7997413
-140.6956825
-140.6005939
-140.5062573
-140.4137894
-140.3215626
-140.2184389
-140.1214625
-140.0361858
-139.9373753
-139.8432717
-139.7477009
-139.6542629
-139.548742
-139.4349068
-139.3322744
-139.2532585
-139.194957
-139.1356838
-139.0773572
-139.0100966
-138.9494187
-138.8762241
-138.7915934
-138.6792144
-138.5576862
-138.4282147
-138.2976013
-138.1416043
-137.9887875
-137.8195285
-137.6414118
-137.4911124
-137.3486272
-137.1883356
-137.0229178
-136.8441891
-136.653812
-136.4470875
-136.2243706
-135.9815041
-135.7135543
-135.4081883
-135.1466658
-134.905725
-134.6647842
-134.4238434
-134.1829026
-133.9419618
-133.701021
-133.4600802
-133.2191394
-132.9131099
-132.6000031
-132.3387653
-132.0916173
-131.828974
-131.5209941
-131.1755761
-130.7905195
-130.3815505
-129.9591224
-129.6057836
-129.2524448
-128.899106
-128.5457672
-128.1924284
-127.8390896
-127.4857508
-127.132412
-126.7036954
-126.2596762
-125.7994946
-125.3221103
-124.8472503
-124.3935305
-123.9303363
-123.4515744
-122.9764551
-122.5023685
-122.0126515
-121.5332577
-121.041075
-120.5394986
-120.0467774
-119.5498205
-119.0583867
-118.5806362
-118.0921314
-117.6192722
-117.1564406
-116.7144288
-116.3033912
-115.9358298
-115.60269
-115.2871297
-115.0074991
-114.7711612
-114.5705313
-114.3861594
-114.1977731
-114.0246898
-113.8813702
-113.743034
-113.5974025
-113.4480739
-113.3140304
-113.2192878
-113.1588577
-113.113515
-113.0845522
-113.0781883
-113.0981475
-113.1269745
-113.1700701
-113.2270943
-113.2673254
-113.3129758
-113.3693012
-113.4379424
-113.5173727
-113.5888316
-113.6221242
-113.6468042
-113.6904565
-113.7661662
-113.9036642
-114.0773625
-114.2815227
-114.4932266
-114.6816185
-114.8735451
-115.0638182
-115.2415053
-115.3673327
-115.4811353
-115.5920285
-115.6933385
-115.7912018
-115.9033597
-115.9951782
-116.0562627
-116.03815
-116.0256437
-115.9920261
-116.0131577
-116.073124
-116.1464664
-116.2198009
-116.2902953
-116.3680314
-116.4416957
-116.509057
-116.5734515
-116.6265574
-116.6805175
-116.7195782
-116.753151
-116.8345183
-116.9329621
-116.9533181
-116.9358321
-116.8792803
-116.8216381
-116.7606474
-116.6906384
-116.6216264
-116.5567131
-116.5152094
-116.4855953
-116.4411305
-116.3883433
-116.3036293
-116.2250004
-116.1722181
-116.1124642
-116.0370527
-115.9436071
-115.8213223
-115.7048718
-115.5670133
-115.4116878
-115.2333441
-115.0766093
-114.9154076
-114.7386777
-114.5945304
-114.4313972
-114.2631942
-114.090111
-113.9099613
-113.7370747
-113.5688586
-113.3923658
-113.2232682
-113.0671934
-112.9101783
-112.7348365
-112.580723
-112.4232766
-112.2760286
-112.1289291
-111.9924728
-111.8521757
-111.7128847
-111.5448049
-111.371373
-111.2030579
-111.0250665
-110.8615701
-110.7272557
-110.5919546
-110.46188
-110.347591
-110.2388995
-110.1500269
-110.079796
-110.0120232
-109.9714584
-109.9400268
-109.9325168
-109.9241991
-109.9345247
-109.9590422
-110.0058793
-110.0542763
-110.1129039
-110.2024832
-110.2949939
-110.384618
-110.5129905
-110.6434854
-110.7724478
-110.9042413
-111.050044
-111.2138286
-111.4124511
-111.6300159
-111.8672972
-112.0933651
-112.3317919
-112.5841204
-112.8399345
-113.0921831
-113.3517796
-113.5957735
-113.8539777
-114.1121799
-114.3899828
-114.6511699
-114.9024493
-115.1266173
-115.3059347
-115.4824667
-115.6454186
-115.7961145
-115.950507
-116.1003416
-116.2445766
-116.3998654
-116.5553429
-116.7140034
-116.8657841
-117.0019708
-117.1395086
-117.2782166
-117.4133504
-117.5357321
-117.6535087
-117.7595446
-117.8602472
-117.9644504
-118.067518
-118.1759623
-118.2763793
-118.3583114
-118.4382323
-118.5122883
-118.5861378
-118.666854
-118.7308116
-118.7772829
-118.8247159
-118.8594113
-118.890203
-118.9161608
-118.9327315
-118.954611
-118.9873101
-119.0237668
-119.0366192
-119.0655682
-119.0747217
-119.0879917
-119.0962324
-119.0963477
-119.0883975
-119.0939384
-119.1109359
-119.1044273
-119.1205147
-119.1521994
-119.2003229
-119.2512464
-119.3071293
-119.3637411
-119.4350835
-119.5083353
-119.5823871
-119.6623582
-119.7554648
-119.8524157
-119.9238901
-119.9845553
-120.0468225
-120.1098723
-120.1688981
-120.2329234
-120.3058318
-120.3824883
-120.4518303
-120.5211724
-120.5905144
-120.6598564
-120.7221199
-120.7897765
-120.8574332
-120.9250898
-120.9927465
-121.0637028
-121.1339094
-121.2027853
-121.2716612































































































































































































































































































































































































































































































































































































































































































