377
-2893.154094
-2903.926592
-2879.648936
-2888.583058
-2889.121565
-2887.714092
-2886.678631
-2888.082916
-2890.362715
-2889.627262
-2892.030531
-2894.817602
-2900.286981
-2904.47428
-2906.950235
-2906.864446
-2907.69432
-2908.119444
-2909.604279
-2911.962236
-2910.521081
-2907.882031
-2909.555446
-2911.107193
-2906.080378
-2902.465345
-2902.198626
-2900.191491
-2899.595088
-2898.980532
-2896.479556
-2895.051843
-2893.690549
-2889.613293
-2885.664515
-2884.594776
-2881.547796
-2881.524068
-2880.129137
-2878.229469
-2876.800895
-2874.505524
-2873.163193
-2872.784923
-2870.895224
-2870.237604
-2868.126904
-2859.829316
-2861.939884
-2856.967795
-2851.11787
-2852.086445
-2853.748294
-2852.218625
-2848.109353
-2842.189307
-2840.06305
-2835.454509
-2826.146292
-2820.441003
-2817.953225
-2812.339946
-2804.266422
-2803.413843
-2795.036188
-2784.440026
-2776.394405
-2771.187947
-2768.806609
-2764.35999
-2761.104503
-2753.060058
-2750.88913
-2752.689552
-2752.930996
-2745.890493
-2743.113103
-2737.352761
-2731.78779
-2727.212256
-2719.108205
-2711.516031
-2702.235178
-2697.581562
-2688.548199
-2680.370708
-2666.758189
-2658.411601
-2651.760543
-2645.7433
-2641.650221
-2641.567686
-2635.55528
-2626.177017
-2619.710831
-2616.997041
-2612.02022
-2607.857751
-2607.239938
-2604.426951
-2601.009404
-2598.875598
-2592.022018
-2590.793643
-2589.754998
-2586.528363
-2583.848868
-2580.440975
-2575.282885
-2570.359512
-2562.838978
-2555.118653
-2550.805245
-2552.585442
-2556.92144
-2555.450652
-2547.87607
-2547.988303
-2547.149017
-2541.42485
-2536.312461
-2527.443974
-2519.155329
-2513.64845
-2507.466062
-2506.550719
-2502.424891
-2498.553267
-2491.803839
-2489.771321
-2487.199132
-2486.051956
-2485.657674
-2485.143006
-2480.871875
-2477.958953
-2477.544304
-2476.810269
-2476.335228
-2473.397913
-2469.235885
-2465.657999
-2460.332823
-2456.094374
-2449.677918
-2445.902294
-2440.170946
-2432.77697
-2424.251837
-2418.841398
-2413.389631
-2410.643346
-2408.37724
-2402.001205
-2398.687023
-2393.704041
-2389.768278
-2382.451797
-2375.166172
-2368.111908
-2357.142303
-2353.357705
-2346.258229
-2341.553091
-2332.836872
-2327.632354
-2320.564488
-2313.302037
-2304.874382
-2297.331027
-2291.855834
-2288.328049
-2279.702116
-2269.873238
-2260.772579
-2253.351371
-2249.477824
-2246.29494
-2242.370339
-2237.063312
-2230.020933
-2222.716554
-2217.212753
-2210.417109
-2202.940867
-2200.063005
-2198.790428
-2195.321182
-2191.717601
-2187.69008
-2186.154828
-2182.063322
-2178.50603
-2179.735199
-2178.967831
-2176.205837
-2173.996585
-2175.531799
-2173.517445
-2171.369153
-2174.248186
-2173.692832
-2173.70663
-2169.796355
-2165.534644
-2162.281974
-2163.311834
-2162.602019
-2159.472742
-2156.243196
-2154.000696
-2153.460466
-2153.129861
-2151.482233
-2149.965866
-2144.660081
-2137.8866
-2130.541702
-2125.726018
-2122.324418
-2117.20779
-2113.682014
-2106.678851
-2098.421238
-2091.966068
-2087.241581
-2081.478781
-2073.908475
-2069.230173
-2064.468379
-2056.465846
-2052.353475
-2048.370377
-2042.416995
-2037.870227
-2031.088228
-2021.991511
-2014.037011
-2005.15297
-1995.518011
-1983.833557
-1974.864161
-1966.750574
-1958.179093
-1948.35265
-1942.526322
-1936.794871
-1928.250314
-1923.582006
-1918.826879
-1913.335338
-1907.088725
-1902.114026
-1901.425696
-1900.910197
-1898.197111
-1900.123897
-1900.580968
-1900.134376
-1898.775274
-1899.472131
-1900.416034
-1903.261884
-1905.594971
-1905.718006
-1907.657275
-1906.659436
-1906.612172
-1903.694981
-1902.403764
-1899.985413
-1899.437871
-1898.759676
-1897.085446
-1893.068446
-1890.393826
-1889.561626
-1886.165294
-1883.130364
-1876.27423
-1869.424524
-1864.738262
-1860.811741
-1856.940951
-1850.746672
-1843.388812
-1835.556344
-1829.832432
-1824.62908
-1819.137103
-1814.161815
-1808.304927
-1800.671037
-1795.038479
-1791.991266
-1787.813063
-1782.683961
-1779.272867
-1774.281763
-1770.444685
-1765.258184
-1758.015018
-1750.750493
-1742.093969
-1735.792664
-1729.357106
-1723.978446
-1716.756756
-1709.014004
-1700.73725
-1693.389185
-1684.663037
-1680.303256
-1673.713623
-1667.509254
-1662.186297
-1657.443715
-1652.319991
-1646.859989
-1642.780479
-1640.476472
-1637.315327
-1632.944723
-1627.853278
-1624.966183
-1622.51855
-1620.87065
-1620.122108
-1619.031896
-1617.314563
-1615.21166
-1611.787145
-1609.532721
-1607.039859
-1604.292081
-1601.133239
-1598.507482
-1597.17557
-1596.08759
-1595.444138
-1592.670659
-1591.368402
-1588.65164
-1585.928337
-1582.768172
-1579.21429
-1578.518537
-1576.553598
-1572.734733
-1570.325689
-1566.217125
-1561.449075
-1556.50665
-1553.47605
-1547.814369
-1540.638007
-1533.897864
-1528.819154
-1524.573661
-1518.352466
-1512.645012
-1506.176556
-1499.137835
-1490.551753
-1482.898897
-1474.953263
-1468.197013
-1460.507153
-1453.141468
-1446.685635
-1441.120059
-1435.951945
-1430.705071
-1426.585597
-1421.765526
-1417.45632
-1413.145937
-1410.062385
-1406.996265
-1404.36003
-1401.221718
-1397.708817
-1394.080391
-1391.634241
-1390.052809
-1389.928544
-1389.525543
-1389.862608
-1388.446832
-1388.583675
-1389.129725
-1387.665909
-1384.071775
-1381.028487
-1376.986621
-1374.230097
-1370.902874
-1367.380652
-1364.447262
-1360.79397
-1355.463202
-1352.491959
-1346.702658
-1340.875045
-1334.68561
-1327.402745
-1320.637655
-1313.584082
-1306.876285
-1300.051948
-1293.852287
-1287.430715
-1280.406887
-1274.702939
-1266.774261
-1259.012806
-1252.087164
-1246.605836
-1240.801365
-1236.101135
-1232.081711
-1228.459116
-1224.38352
-1220.283029
-1217.907368
-1215.795697
-1212.563026
-1209.718709
-1208.081855
-1207.141122
-1204.936535
-1202.66977
-1201.146765
-1199.027755
-1196.628842
-1194.381727
-1192.391166
-1190.336589
-1188.140329
-1185.846561
-1183.78804
-1182.675811
-1181.167622
-1178.437192
-1176.658238
-1173.721889
-1171.348422
-1169.364299
-1166.382742
-1162.585982
-1159.454587
-1156.811568
-1152.657942
-1147.958964
-1143.97233
-1140.815706
-1135.122764
-1129.882939
-1123.78922
-1118.620497
-1112.875432
-1107.167537
-1101.99359
-1095.467615
-1088.94358
-1082.64761
-1077.351304
-1072.301087
-1067.659957
-1063.107059
-1059.821945
-1056.115503
-1053.458743
-1051.106193
-1048.56379
-1045.897114
-1042.878675
-1038.221285
-1033.346008
-1027.626735
-1022.51655
-1016.561305
-1011.611227
-1005.676866
-1000.34202
-994.711666
-990.306961
-985.6356811
-981.3037752
-976.6259891
-972.1498403
-967.5989631
-962.7744921
-958.9724426
-955.2419919
-951.7708486
-948.4927681
-945.5177903
-943.1506573
-941.5790073
-938.8384188
-936.8566974
-934.2642782
-932.274413
-929.3342783
-926.4089739
-923.5873737
-921.0034364
-917.3898013
-913.6990568
-910.9821423
-908.8253361
-906.7863123
-905.4253362
-903.2996179













































































































































































































































































































































































































































































































































































































































































































































































































































































































































