377
-828.1165689
-829.1799273
-822.6126559
-822.4798404
-819.9823651
-816.9735981
-813.9792086
-811.8161493
-809.4932771
-806.6520251
-803.7476629
-801.2155596
-798.9178273
-796.597657
-794.0800998
-790.868882
-788.0296592
-784.9598597
-782.0822145
-779.4562505
-776.2788869
-772.9791937
-770.2346951
-767.5083681
-763.9992537
-760.7229394
-757.9933416
-754.9525259
-752.0830245
-749.290297
-746.384235
-743.6651732
-740.7844131
-737.9674063
-735.0457576
-732.7436596
-730.392886
-728.4311026
-726.3888142
-724.3055037
-722.1068641
-719.8818117
-717.9480339
-716.1929551
-714.2775357
-712.6253574
-710.6938748
-708.1521368
-706.6676588
-704.4290399
-702.0725392
-700.3063223
-698.6335495
-696.5075303
-694.0814141
-691.4996891
-689.2689316
-686.7457602
-683.65559
-680.8174064
-678.3055565
-675.3927094
-672.1175575
-669.4904574
-666.1869622
-662.4884984
-659.0531168
-655.8426607
-652.9037576
-649.5728452
-646.3279673
-642.8673462
-639.9762424
-637.5036612
-634.7984135
-631.5784856
-628.7405703
-625.582964
-622.4815684
-619.4613597
-616.3033799
-613.2495174
-610.0517496
-607.1309145
-603.9708703
-600.8774355
-597.4073248
-594.3683896
-591.4619704
-588.6636903
-586.0439818
-583.7247367
-581.0437044
-578.0667946
-575.285068
-572.9251341
-570.3821385
-567.7633264
-565.6415649
-563.4150294
-560.9261787
-558.4525909
-555.7933652
-553.39514
-550.9520918
-548.3883199
-545.8582722
-543.2649742
-540.4928204
-537.7220657
-534.8974534
-531.9918565
-529.3658352
-527.0742152
-524.9385654
-522.4432183
-519.5072286
-517.0829949
-514.6847736
-512.0246487
-509.3465506
-506.4799685
-503.7107002
-501.137819
-498.5846941
-496.1997807
-493.7362702
-491.2810369
-488.7505684
-486.5609984
-484.4410902
-482.3963235
-480.3836743
-478.4489277
-476.3540782
-474.1980598
-472.1648366
-470.194831
-468.1890114
-466.11
-464.0272167
-461.9522444
-459.8521533
-457.8683999
-455.8529699
-453.8401808
-451.8515685
-449.6801623
-447.565011
-445.5453913
-443.5239102
-441.6118689
-439.7448993
-437.6525899
-435.5564589
-433.4718059
-431.3978314
-429.2759436
-427.0609653
-424.882879
-422.6499317
-420.5107045
-418.3192092
-416.162425
-413.919674
-411.7492243
-409.5355343
-407.3407983
-405.125818
-402.9489381
-400.8671467
-398.7551663
-396.6403789
-394.4353817
-392.2690481
-390.1394961
-388.0665455
-385.9911338
-383.8852964
-381.8496507
-379.8688012
-377.8444337
-375.8482697
-373.9219627
-371.9782385
-370.077014
-368.1417565
-366.2536566
-364.3605021
-362.4718483
-360.5156907
-358.6419958
-356.7708074
-354.7665183
-352.8145513
-350.9023798
-349.0066659
-347.0713409
-345.2059136
-343.286178
-341.2784097
-339.4072072
-337.4793668
-335.5874758
-333.7015517
-331.8198313
-329.8739758
-328.0228322
-326.2149495
-324.5358431
-322.8608237
-321.1932469
-319.5488903
-317.9459115
-316.3732132
-314.8923296
-313.3909927
-311.9322123
-310.35691
-308.725741
-307.2045466
-305.6397823
-304.090443
-302.538965
-300.9440191
-299.2777182
-297.6148374
-295.9847746
-294.2119985
-292.3746373
-290.6649368
-288.7490189
-286.8809154
-285.0902309
-283.1736819
-281.3380474
-279.6737597
-277.9694736
-276.3002209
-274.6249245
-273.0218237
-271.2606488
-269.4905479
-267.7454696
-266.1645113
-264.3347176
-262.5493155
-260.9128107
-259.0626373
-257.2590853
-255.5339745
-253.839583
-252.0713605
-250.1475873
-248.2533122
-246.5436163
-244.5534427
-242.7231889
-241.0273168
-239.4755122
-237.7818051
-236.0520821
-234.2719751
-232.4421162
-230.6941466
-228.8430934
-227.1834339
-225.4883642
-223.8945263
-222.1847712
-220.5676487
-218.7633387
-216.9042148
-215.1432668
-213.5774717
-211.7979265
-209.8497864
-208.0901038
-206.1936192
-204.6287565
-203.0786394
-201.3508696
-199.5520457
-197.7651522
-196.1959981
-194.7691397
-193.361812
-191.8070877
-190.2545281
-188.7549638
-187.2280108
-185.8587912
-184.610576
-183.2200961
-181.601519
-180.1234524
-178.8040484
-177.4286808
-176.3898906
-175.2069202
-174.1602865
-173.3199991
-172.4115964
-171.6625252
-170.7071677
-169.8097242
-168.8308017
-168.100499
-167.5128807
-166.9706195
-166.2589242
-165.6072065
-164.4723343
-163.5493852
-162.5444321
-161.4543698
-160.2627068
-159.1419485
-158.0442928
-156.7737788
-155.2541086
-153.8494032
-152.5685899
-151.4126313
-149.967148
-148.3998806
-146.7432816
-145.0047975
-143.2566209
-141.6356731
-140.0795288
-138.6897243
-137.2310205
-135.8854675
-134.6005742
-133.3675027
-132.0176666
-130.5145347
-128.9441628
-127.3252527
-126.0663034
-124.6096267
-123.3443207
-122.0800177
-120.8779136
-119.6623234
-118.0679041
-116.6951069
-115.5877895
-114.3073191
-113.3109521
-112.3797442
-111.5179643
-110.3688944
-109.6085159
-109.057323
-108.4783426
-107.6026431
-106.6019306
-105.9811587
-105.2907541
-104.740358
-104.3419947
-104.1397556
-103.8546997
-103.6906262
-103.3318905
-103.1304011
-102.9360072
-102.6205116
-102.1699493
-101.6730781
-101.2187733
-100.6572735
-100.2537644
-99.80642482
-99.42841233
-98.89718453
-98.36106858
-97.77954965
-97.2372814
-96.83218102
-96.53080564
-96.04238325
-95.42961782
-94.63313451
-93.95439461
-93.14334743
-92.66636121
-91.93569802
-91.1339526
-90.72270295
-90.68291838
-90.58943595
-90.6753283
-90.50054832
-90.41017459
-90.35965389
-90.14503104
-90.09096256
-90.45483445
-90.36388291
-90.75377133
-91.14207749
-91.60390311
-92.24573767
-92.72108193
-93.21131116
-93.55261902
-93.81725742
-93.91737304
-94.04303904
-94.35059956
-94.35674115
-94.74506817
-95.04829456
-95.18042285
-95.0734376
-94.96205278
-94.59442859
-94.0866039
-93.54119089
-93.12915408
-92.76984682
-92.03905791
-91.28887349
-90.82706333
-90.35530413
-89.68135685
-88.90479884
-88.42194267
-87.91516631
-87.24454983
-86.69454094
-86.21467895
-85.75677041
-85.28218329
-84.88500118
-84.57880611
-84.26540413
-83.90450452
-83.25575889
-82.74303437
-82.51687593
-82.07635917
-81.86677578
-81.53058812
-81.12365583
-80.91762989
-80.92572326
-80.80100186
-80.58481203
-80.64394004
-80.81534606
-80.87282386
-80.75627866
-81.16997957
-81.50621151
-82.05611369
-82.36587545
-82.80483018
-83.26605421
-83.59541956
-84.21984601
-84.79929705
-85.33511425
-85.64359532
-85.8953209
-85.98467491
-86.08153632
-85.87752886
-85.78142273
-85.44707785
-84.98270892
-84.50195232
-84.09742962
-83.91642462
-84.2263154
-84.70231275
-85.43721318
-86.02681043
-86.84525597
-87.46838423
-88.36278214
-89.10180866
-89.94561482
-90.43480465
-91.03318792
-91.55411943
-92.17063864
-92.68245154
-93.18199954
-93.74852547
-94.00536528
-94.21438248
-94.31213938
-94.37346459
-94.26263678
-93.94387814
-93.35074196
-93.02513511
-92.47276412
-92.08636451
-91.51033184
-91.16753338
-90.83720621
-90.45341478
-90.01983629
-89.89944665
-89.78968044
-89.46653497
-88.91665905
-88.33699443
-87.57832495
-87.05681738













































































































































































































































































































































































































































































































































































































































































































































































































































































































































