329
-2798.325871
-2798.325871
-2798.325871
-2795.145956
-2791.96604
-2788.786124
-2785.606208
-2782.426293
-2779.246377
-2776.066461
-2772.886545
-2769.70663
-2766.526714
-2763.346798
-2760.166882
-2756.986966
-2753.807051
-2753.807051
-2753.807051
-2753.807051
-2750.627135
-2747.447219
-2744.267304
-2741.087388
-2737.907472
-2734.727556
-2731.547641
-2728.367725
-2725.187809
-2722.007893
-2718.827978
-2715.648062
-2712.468146
-2709.28823
-2709.28823
-2709.28823
-2706.108315
-2702.928399
-2696.568567
-2690.208735
-2687.02882
-2683.848904
-2680.668988
-2677.489072
-2674.309157
-2671.129241
-2669.009297
-2666.889353
-2664.769409
-2664.769409
-2664.769409
-2664.769409
-2664.769409
-2661.589493
-2658.409578
-2655.229662
-2652.049746
-2648.869831
-2645.689915
-2642.509999
-2639.330083
-2636.150168
-2632.970252
-2629.790336
-2626.61042
-2626.61042
-2626.61042
-2623.430505
-2620.250589
-2613.890758
-2607.530926
-2604.35101
-2601.171094
-2597.991179
-2594.811263
-2592.691319
-2590.571375
-2588.451431
-2585.271516
-2582.0916
-2578.911684
-2575.731768
-2575.731768
-2575.731768
-2572.551852
-2569.371937
-2566.192021
-2563.012105
-2559.832189
-2556.652273
-2553.472358
-2550.292442
-2547.112526
-2543.93261
-2540.752695
-2537.572779
-2534.392863
-2531.212947
-2531.212947
-2531.212947
-2524.853116
-2518.493284
-2516.37334
-2514.253397
-2512.133453
-2512.133453
-2512.133453
-2508.953537
-2505.773621
-2502.593706
-2499.41379
-2496.233874
-2493.053958
-2489.874043
-2486.694127
-2483.514211
-2480.334295
-2477.15438
-2473.974464
-2470.794548
-2467.614632
-2464.434717
-2461.254801
-2458.074885
-2454.894969
-2448.535138
-2442.175306
-2438.99539
-2435.815474
-2432.635559
-2429.455643
-2427.335699
-2425.215755
-2423.095811
-2423.095811
-2423.095811
-2423.095811
-2423.095811
-2419.915896
-2416.73598
-2413.556064
-2410.376148
-2410.376148
-2410.376148
-2407.196233
-2404.016317
-2397.656486
-2391.296654
-2388.116738
-2384.936822
-2378.57699
-2372.217159
-2372.217159
-2372.217159
-2365.857328
-2359.497496
-2356.317581
-2353.137665
-2349.957749
-2346.777833
-2342.537945
-2338.298058
-2334.05817
-2330.878255
-2327.698339
-2327.698339
-2327.698339
-2327.698339
-2327.698339
-2324.518423
-2321.338507
-2318.158591
-2314.978675
-2311.79876
-2308.618844
-2305.438928
-2302.259012
-2295.899181
-2289.539349
-2286.359434
-2283.179518
-2279.999602
-2276.819686
-2273.639771
-2270.459855
-2267.279939
-2264.100023
-2257.740192
-2251.38036
-2249.260416
-2247.140473
-2245.020529
-2241.840613
-2238.660697
-2235.480782
-2232.300866
-2229.12095
-2225.941034
-2225.941034
-2225.941034
-2222.761119
-2219.581203
-2216.401287
-2213.221371
-2210.041455
-2206.86154
-2200.501708
-2194.141876
-2190.961961
-2187.782045
-2187.782045
-2187.782045
-2184.602129
-2181.422213
-2178.242298
-2175.062382
-2171.882466
-2168.70255
-2166.582606
-2164.462663
-2162.342719
-2159.162803
-2155.982887
-2152.802972
-2149.623056
-2146.44314
-2143.263224
-2136.903393
-2130.543561
-2130.543561
-2130.543561
-2127.363646
-2124.18373
-2117.823899
-2111.464067
-2108.284151
-2105.104235
-2101.92432
-2098.744404
-2095.564488
-2092.384572
-2089.204657
-2086.024741
-2086.024741
-2086.024741
-2083.904797
-2081.784853
-2079.664909
-2073.305078
-2066.945246
-2063.76533
-2060.585414
-2057.405499
-2054.225583
-2051.045667
-2047.865751
-2041.50592
-2035.146088
-2031.966173
-2028.786257
-2025.606341
-2022.426425
-2016.066594
-2009.706762
-2006.526847
-2003.346931
-2000.167015
-1996.987099
-1993.807184
-1990.627268
-1987.447352
-1984.267436
-1981.087521
-1977.907605
-1980.027549
-1982.147492
-1984.267436
-1981.087521
-1977.907605
-1974.727689
-1971.547773
-1965.187941
-1958.82811
-1958.82811
-1958.82811
-1955.648194
-1952.468278
-1949.288363
-1946.108447
-1939.748616
-1933.388784
-1930.208868
-1927.028952
-1923.849036
-1920.669121
-1917.489205
-1914.309289
-1907.949457
-1901.589626
-1898.409711
-1895.229795
-1888.869964
-1882.510132
-1880.390188
-1878.270244
-1876.1503
-1872.970385
-1869.790469
-1866.610553
-1863.430637
-1857.070806
-1850.710974
-1847.531059
-1844.351143
-1841.171227
-1837.991311
-1834.811395
-1831.631479
-1828.451563
-1825.271648
-1818.911817
-1812.551985
-1812.551985
-1812.551985
-1806.192154
-1799.832322
-1799.832322
-1799.832322
-1796.652406
-1793.47249
-1787.112659
-1780.752827
-1778.632883
-1776.51294
-1774.392996
-1771.21308
-1768.033164
-1764.853249
-1761.673333
-1761.673333
-1761.673333
-1755.313502
-1748.95367
-1745.773754
-1742.593838
-1739.413923
-1736.234007
-1733.054091
-1729.874175
-1726.69426
-1723.514344
-1720.334428
-1717.154512
-1713.974597
-1710.794681
-1707.614765
-1704.434849
-1701.254933
-1698.075017
-1691.715186
-1685.355354
-1683.23541
-1681.115467
-1678.995523
-1675.815607
-1672.635691
-1666.27586
-1659.916028
-1653.556197
-1647.196365
-1644.01645
-1640.836534
-1637.656618
-1634.476702
-1631.296787
-1628.116871
-1624.936955
-1621.757039
-1615.397208
-1609.037376
-1609.037376
-1609.037376
-1605.857461
-1602.677545
-1596.317714
-1589.957882
-1586.777966
-1583.59805
-1583.59805
-1583.59805
-1581.478106
-1579.358162
-1577.238218
-1577.238218
-1577.238218
-1570.878387
-1564.518555
-1561.33864
-1558.158724
-1551.798893
-1545.439061
-1542.259145
-1539.079229
-1535.899314
-1532.719398
-1526.359567
-1519.999735
-1516.819819
-1513.639903
-1510.459988
-1507.280072
-1504.100156
-1500.92024
-1497.740325
-1494.560409
-1491.380493
-1488.200577
-1485.020662
-1481.840746
-1478.66083
-1475.480914
-1473.36097
-1471.241027
-1469.121083
-1469.121083
-1469.121083
-1469.121083
-1469.121083
-1465.941167
-1462.761251
-1462.761251
-1462.761251
-1453.221504
-1443.681756
-1437.321925
-1430.962093
-1427.782178
-1424.602262
-1421.422346
-1418.24243
-1415.062515
-1411.882599
-1405.522768
-1399.162936
-1395.98302
-1392.803104
-1390.68316
-1388.563217
-1386.443273
-1380.083442
-1373.72361
-1370.543694
-1367.363778
-1364.183863
-1361.003947
-1354.644116
-1348.284284
-1345.104368
-1341.924452
-1338.744536
-1335.56462
-1332.384705
-1329.204789
-1322.844958
-1316.485126
-1313.30521
-1310.125294
-1306.945379
-1303.765463
-1297.405632
-1291.0458
-1294.225716
-1297.405631
-1291.0458
-1284.685968
-1281.506053
-1278.326137
-1276.206193
-1274.086249
-1271.966305
-1268.78639
-1265.606474
-1262.426558
-1259.246642
-1252.886811
-1246.526979
-1246.526979
-1246.526979
-1240.167147
-1233.807316
-1230.627401
-1227.447485
-1224.267569
-1221.087653
-1214.727822
-1208.36799
-1205.188074
-1202.008158
-1195.648327
-1189.288495
-1186.10858
-1182.928664
-1179.748748
-1176.568832
-1174.448888
-1172.328945
-1170.209001
-1167.029085
-1163.849169
-1157.489338
-1151.129506
-1151.129506
-1151.129506
-1144.769674
-1138.409843
-1135.229928
-1132.050012
-1128.870096
-1125.69018
-1119.330349
-1112.970517
-1109.790601
-1106.610686
-1103.43077
-1100.250854
-1093.891023
-1087.531191
-1087.531191
-1087.531191
-1087.531191
-1087.531191
-1081.17136
-1074.811528
-1072.691584
-1070.57164
-1068.451696
-1062.091865
-1055.732033
-1052.552118
-1049.372202
-1049.372202
-1049.372202
-1043.012371
-1036.652539
-1033.472623
-1030.292707
-1027.112792
-1023.932876
-1017.573044
-1011.213213
-1008.033297
-1004.853381
-998.4935496
-992.1337181
-988.9538023
-985.7738865
-979.414055
-973.0542235
-973.0542235
-973.0542235
-970.9342797
-968.8143358
-966.694392
-963.5144762
-960.3345604
-953.9747289
-947.6148974
-947.6148974
-947.6148974
-941.2550658
-934.8952343
-931.7153186
-928.5354028
-925.3554871
-922.1755713
-918.9956556
-915.8157398
-909.4559083
-903.0960767
-899.916161
-896.7362452
-893.5563295
-890.3764137
-890.3764137
-890.3764137
-884.0165822
-877.6567506
-871.2969191
-864.9370875
-858.577256
-852.2174245
-850.0974807
-847.9775368
-845.857593
-845.857593
-845.857593
-842.6776772
-839.4977614
-836.3178457
-833.1379299
-826.7780984
-820.4182669
-817.2383511
-814.0584353
-807.6986038
-801.3387723
-798.1588566
-794.9789408
-791.799025
-788.6191092
-785.4391935
-782.2592777
-779.079362
-775.8994462
-772.7195305
-769.5396147
-769.5396147
-769.5396147
-769.5396147
-769.5396147
-769.5396147
-763.1797832
-756.8199516
-753.6400359
-750.4601201
-744.1002886
-737.740457
-734.5605412
-731.3806255
-725.020794
-718.6609624
-715.4810467
-712.3011309
-705.9412994
-699.5814679
-696.4015521
-693.2216363
-690.0417206
-686.8618048
-683.6818891
-680.5019733
-674.1421418
-667.7823102
-664.6023945
-661.4224787
-659.3025349
-657.182591
-655.0626472
-648.7028157
-642.3429841
-642.3429841
-642.3429841
-639.1630684
-635.9831526
-632.8032369
-629.6233211
-626.4434053
-623.2634896
-623.2634896
-623.2634896
-616.9036581
-610.5438265
-604.183995
-597.8241635
-594.6442477
-591.4643319
-588.2844162
-585.1045004
-578.7446689
-572.3848374
-569.2049216
-566.0250058
-562.8450901
-559.6651743
-555.4252866
-551.185399
-546.9455113
-543.7655955
-540.5856797
-537.4057639
-534.2258482
-531.0459325
-527.8660167
-524.6861009
-521.5061851
-518.3262694
-515.1463536
-508.7865221
-502.4266906
-499.2467748
-496.066859
-489.7070275
-483.347196
-480.1672803
-476.9873645
-473.8074487
-470.6275329
-467.4476172
-464.2677014
-461.0877857
-457.9078699
-451.5480383
-445.1882068
-442.0082911
-438.8283753
-434.5884876
-430.3486
-426.1087123
-422.9287965
-419.7488807
-416.568965
-413.3890492
-410.2091334
-407.0292177
-403.849302
-400.6693862
-397.4894704
-394.3095546
-391.1296389
-387.9497231
-381.5898916
-375.2300601
-372.0501443
-368.8702285
-362.510397
-356.1505655
-356.1505655
-356.1505655
-352.9706498
-349.790734
-346.6108182
-343.4309024
-339.1910147
-334.9511271
-330.7112394
-324.3514079
-317.9915763
-314.8116606
-311.6317448
-305.2719133
-298.9120817
-295.7321659
-292.5522502
-289.3723345
-286.1924187
-279.8325872
-273.4727556
-270.2928399
-267.1129241
-267.1129241
-267.1129241
-260.7530926
-254.3932611
-251.2133453
-248.0334295
-244.8535138
-241.673598
-238.4936823
-235.3137665
-232.1338508
-228.953935
-226.8339911
-224.7140473
-222.5941034
-219.4141877
-216.2342719
-213.0543562
-209.8744404
-203.5146089
-197.1547773
-193.9748616
-190.7949458
-187.6150301
-184.4351143
-178.0752827
-171.7154512
-168.5355355
-165.3556197
-162.175704
-158.9957882
-152.6359567
-146.2761251
-143.0962093
-139.9162936
-136.7363779
-133.5564621
-130.3765463
-127.1966305
-124.0167148
-120.836799
-118.7168552
-116.5969113
-114.4769675
-108.117136
-101.7573044
-98.57738866
-95.39747291
-92.21755715
-89.03764139
-85.85772563
-82.67780986
-79.49789409
-76.31797833
-73.13806257
-69.95814681
-66.77823105
-63.59831528
-57.23848376
-50.87865223
-47.69873646
-44.5188207
-41.33890494
-38.15898917
-34.97907341
-31.79915765
-25.43932613
-19.0794946
-16.95955076
-14.83960691
-12.71966307
-6.359831544
-1.86E-08
3.179915745
6.359831508
9.539747269
12.71966303
19.07949456
25.43932609
28.61924185
31.79915761
38.15898914
44.51882066
47.69873643
50.87865219
54.05856795
57.23848371
60.41839948
63.59831524
66.77823101
69.95814677
73.13806253
76.31797829
79.49789405
82.67780982
85.85772559
89.03764135
91.15758519
93.27752903
95.39747287
98.57738864
101.7573044
104.9372202
108.1171359
111.2970517
114.4769674
117.6568832
120.836799
127.1966305
133.556462
136.7363778
139.9162936
143.0962093
146.2761251
149.4560409
152.6359566
158.9957882
165.3556197
168.5355355
171.7154512
174.8953669
178.0752827
178.0752827
178.0752827
184.4351143
190.7949458
192.9148896
195.0348335
197.1547773
200.3346931
203.5146088
206.6945245
209.8744403
216.2342719
222.5941034
225.7740192
228.9539349
235.3137665
241.673598
248.0334295
254.393261
260.7530926
267.1129241
270.2928399
273.4727556
279.8325871
286.1924186
289.3723344
292.5522502
295.7321659
298.9120817
303.1519694
307.3918571
311.6317448
314.8116606
317.9915763
321.1714921
324.3514078
324.3514078
324.3514078
324.3514078
324.3514078
327.5313236
330.7112393
333.8911551
337.0710709
340.2509866
343.4309024
349.7907339
356.1505654
359.3304812
362.510397
365.6903128
368.8702285
372.0501443
375.23006
378.4099758
381.5898915
384.7698073
387.9497231
390.0696669
392.1896108
394.3095546
397.4894704
400.6693861
410.2091334
419.7488807
422.9287965
426.1087122
429.288628
432.4685437
435.6484595
438.8283753
442.0082911
445.1882068
448.3681225
451.5480383
454.7279541
457.9078698
461.0877856
464.2677014
470.6275329
476.9873644
479.1073083
481.2272521
483.347196
486.5271118
489.7070275
489.7070275
489.7070275
492.8869433
496.066859
499.2467748
502.4266905
505.6066063
508.7865221
511.9664379
515.1463536
518.3262694
521.5061851
524.6861009
527.8660166
531.0459324
534.2258482
537.4057639
540.5856797
542.7056235
544.8255674
546.9455112
550.125427
553.3053427
556.4852585
559.6651743
562.8450901
566.0250058
569.2049216
572.3848373
575.5647531
578.7446688
581.9245846
585.1045004
588.2844162
591.4643319
594.6442477
597.8241634
601.0040792
604.1839949
606.3039388
608.4238826
610.5438265
613.7237423
616.903658
620.0835737
623.2634895
626.4434053
629.623321
632.8032368
635.9831526
639.1630684
642.3429841
651.8827314
661.4224787
664.6023945
667.7823102
670.962226
674.1421417
677.3220575
680.5019733
683.6818891
686.8618048
696.4015521
705.9412994
709.1212152
712.3011309
714.4210747
716.5410186
718.6609624
721.8408782
725.0207939
728.2007097
731.3806255
740.9203728
750.46012
756.8199516
763.1797831
769.5396146
775.8994461
782.2592777
788.6191092
794.9789408
801.3387723
804.5186881
807.6986038
814.0584353
820.4182668
826.7780983
833.1379299
836.3178457
839.4977614
843.7376491
847.9775368
852.2174245
855.3973403
858.577256
864.9370875
871.296919
874.4768348
877.6567506
884.0165821
890.3764136
896.7362452
903.0960767
906.2759925
909.4559082
909.4559082
909.4559082
912.635824
915.8157397
918.9956555
922.1755712
925.355487
928.5354028
934.8952343
941.2550658
941.2550658
941.2550658
944.4349816
947.6148973
949.7348412
951.854785
953.9747289
950.7948131
947.6148973
953.9747289
960.3345604
963.5144762
966.6943919
969.8743077
973.0542235
976.2341393
979.414055
985.7738865
992.133718
995.3136338
998.4935496
1001.673465
1004.853381
1011.213213
1017.573044
1017.573044
1017.573044
1023.932876
1030.292707
1033.472623
1036.652539
1038.772483
1040.892426
1043.01237
1046.192286
1049.372202
1055.732034
1062.091865
1065.271781
1068.451696
1074.811528
1081.171359
1084.351275
1087.531191
1087.531191
1087.531191
1090.711107
1093.891022
1097.070938
1100.250854
1103.43077
1106.610685
1109.790601
1112.970517
1112.970517
1112.970517
1112.970517
1112.970517
1116.150433
1119.330349
1123.570237
1127.810124
1132.050012
1135.229928
1138.409843
1141.589759
1144.769675
1147.94959
1151.129506
1157.489338
1163.849169
1167.029085
1170.209001
1176.568833
1182.928664
1189.288496
1195.648327
1198.828243
1202.008158
1205.188074
1208.36799
1214.727822
1221.087653
1227.447485
1233.807316
1236.987232
1240.167148
1244.407036
1248.646923
1252.886811
1256.066727
1259.246642
1262.426558
1265.606474
1268.78639
1271.966305
1278.326136
1284.685968
1287.865884
1291.0458
1294.225716
1297.405631
1300.585547
1303.765463
1306.945379
1310.125294
1313.30521
1316.485126
1319.665042
1322.844957
1326.024873
1329.204789
1332.384705
1335.56462
1338.744536
1341.924452
1344.044396
1346.164339
1348.284283
1351.464199
1354.644115
1357.824031
1361.003947
1361.003947
1361.003947
1364.183863
1367.363778
1370.543694
1373.72361
1380.083442
1386.443273
1386.443273
1386.443273
1392.803105
1399.162936
1402.342852
1405.522767
1408.702683
1411.882599
1415.062515
1418.24243
1424.602262
1430.962093
1434.142009
1437.321925
1437.321925
1437.321925
1437.321925
1443.681757
1450.041588
1453.221504
1456.401419
1459.581335
1462.761251
1469.121082
1475.480914
1478.66083
1481.840746
1488.200578
1494.560409
1497.740325
1500.92024
1504.100156
1507.280072
1510.459988
1513.639903
1516.819819
1519.999735
1523.179651
1526.359566
1529.539482
1532.719398
1535.899314
1539.079229
1541.199173
1543.319117
1545.439061
1548.618977
1551.798892
1554.978808
1558.158724
1561.33864
1564.518555
1567.698471
1570.878387
1574.058303
1577.238218
1580.418134
1583.59805
1589.957882
1596.317713
1596.317713
1596.317713
1599.497629
1602.677545
1605.857461
1609.037376
1612.217292
1615.397208
1621.75704
1628.116871
1631.296787
1634.476702
1637.656618
1640.836534
1642.956478
1645.076421
1647.196365
1653.556197
1659.916028
1663.095944
1666.27586
1669.455776
1672.635691
1675.815607
1678.995523
1685.355355
1691.715186
1694.895101
1698.075017
1701.254933
1704.434849
1707.614765
1710.79468
1713.974596
1717.154512
1720.334428
1723.514344
1726.69426
1729.874175
1733.054091
1736.234007
1739.413923
1742.593838
1748.95367
1755.313501
1761.673333
1764.853249
1768.033164
1771.21308
1774.392996
1777.572912
1780.752827
1783.932743
1787.112659
1790.292575
1793.47249
1796.652406
1799.832322
1803.012238
1806.192153
1809.372069
1812.551985
1815.731901
1818.911816
1822.091732
1825.271648
1828.451563
1831.631479
1834.811395
1837.991311
1840.111255
1842.231199
1844.351143
1847.531059
1850.710974
1857.070806
1863.430637
1866.610553
1869.790469
1872.970385
1876.1503
1879.330216
1882.510132
1888.869964
1895.229795
1898.409711
1901.589626
1907.949457
1914.309289
1917.489205
1920.669121
1920.669121
1920.669121
1923.849036
1927.028952
1929.148896
1931.26884
1933.388784
1936.5687
1939.748615
1946.108447
1952.468278
1955.648194
1958.82811
1962.008026
1965.187942
1968.367858
1971.547773
1977.907605
1984.267436
1987.447352
1990.627268
1993.807184
1996.987099
2003.34693
2009.706762
2012.886678
2016.066594
2019.24651
2022.426425
2028.786257
2035.146088
2037.266032
2039.385976
2041.50592
2044.685836
2047.865751
2051.045667
2054.225583
2057.405499
2060.585414













































































