329
-892.2596578
-889.50577
-886.7518821
-883.9979942
-881.2441064
-878.4902186
-875.7363308
-872.982443
-870.2285551
-867.4746673
-864.7207794
-861.9668916
-859.2130038
-859.2130038
-859.2130038
-856.459116
-853.7052281
-851.8693029
-850.0333776
-848.1974524
-845.4435646
-842.6896768
-839.935789
-837.1819011
-834.4280133
-831.6741254
-828.9202376
-826.1663498
-823.412462
-820.6585741
-820.6585741
-820.6585741
-817.9046863
-815.1507985
-812.3969107
-809.6430228
-809.6430228
-809.6430228
-806.889135
-804.1352471
-801.3813593
-798.6274715
-795.8735837
-793.1196958
-793.1196958
-793.1196958
-791.2837706
-789.4478453
-787.6119201
-784.8580323
-782.1041445
-782.1041445
-782.1041445
-779.3502567
-776.5963688
-773.842481
-771.0885931
-768.3347053
-765.5808175
-762.8269297
-760.0730418
-760.0730418
-760.0730418
-757.319154
-754.5652661
-754.5652661
-754.5652661
-751.8113783
-749.0574905
-746.3036026
-743.5497148
-740.795827
-738.0419391
-735.2880513
-732.5341635
-730.6982383
-728.862313
-727.0263878
-724.2725
-721.5186121
-718.7647243
-716.0108365
-713.2569486
-710.5030608
-710.5030608
-710.5030608
-707.749173
-704.9952851
-702.2413973
-699.4875095
-696.7336217
-693.9797338
-691.225846
-688.4719582
-688.4719582
-688.4719582
-685.7180704
-682.9641825
-682.9641825
-682.9641825
-680.2102946
-677.4564068
-675.6204816
-673.7845564
-671.9486312
-671.9486312
-671.9486312
-669.1947434
-666.4408555
-666.4408555
-666.4408555
-663.6869677
-660.9330798
-658.179192
-655.4253042
-649.9175285
-644.4097528
-644.4097528
-644.4097528
-638.9019772
-633.3942015
-633.3942015
-633.3942015
-630.6403137
-627.8864258
-622.3786502
-616.8708745
-614.1169867
-611.3630988
-611.3630988
-611.3630988
-609.5271736
-607.6912484
-605.8553232
-603.1014354
-600.3475475
-600.3475475
-600.3475475
-597.5936597
-594.8397718
-592.085884
-589.3319962
-589.3319962
-589.3319962
-589.3319962
-589.3319962
-583.8242205
-578.3164448
-575.562557
-572.8086692
-570.0547814
-567.3008935
-567.3008935
-567.3008935
-564.5470057
-561.7931179
-559.0392301
-556.2853422
-556.2853422
-556.2853422
-554.449417
-552.6134917
-550.7775665
-548.0236787
-545.2697909
-545.2697909
-545.2697909
-542.515903
-539.7620152
-537.0081274
-534.2542395
-531.5003517
-528.7464639
-528.7464639
-528.7464639
-525.9925761
-523.2386882
-520.4848004
-517.7309125
-514.9770247
-512.2231369
-512.2231369
-512.2231369
-509.4692491
-506.7153612
-503.9614734
-501.2075855
-501.2075855
-501.2075855
-499.3716603
-497.5357351
-495.6998099
-492.9459221
-490.1920342
-490.1920342
-490.1920342
-487.4381464
-484.6842585
-481.9303707
-479.1764829
-479.1764829
-479.1764829
-476.4225951
-473.6687072
-473.6687072
-473.6687072
-470.9148194
-468.1609315
-465.4070437
-462.6531559
-462.6531559
-462.6531559
-459.8992681
-457.1453802
-457.1453802
-457.1453802
-454.3914924
-451.6376045
-451.6376045
-451.6376045
-451.6376045
-448.8837167
-446.1298289
-443.3759411
-440.6220532
-440.6220532
-440.6220532
-437.8681654
-435.1142776
-435.1142776
-435.1142776
-432.3603897
-429.6065019
-426.8526141
-424.0987262
-421.3448384
-418.5909506
-418.5909506
-418.5909506
-415.8370628
-413.0831749
-410.3292871
-407.5753992
-407.5753992
-407.5753992
-405.739474
-403.9035488
-402.0676236
-402.0676236
-402.0676236
-399.3137358
-396.5598479
-393.8059601
-391.0520722
-391.0520722
-391.0520722
-388.2981844
-385.5442966
-385.5442966
-385.5442966
-382.7904088
-380.0365209
-377.2826331
-374.5287452
-374.5287452
-374.5287452
-371.7748574
-369.0209696
-366.2670818
-363.5131939
-363.5131939
-363.5131939
-360.759306
-358.0054182
-358.0054182
-358.0054182
-358.0054182
-355.2515304
-352.4976426
-352.4976426
-352.4976426
-352.4976426
-352.4976426
-349.7437548
-346.9898669
-346.9898669
-346.9898669
-344.235979
-341.4820912
-338.7282034
-335.9743156
-333.2204278
-330.4665399
-330.4665399
-330.4665399
-327.7126521
-324.9587642
-322.2048764
-319.4509886
-319.4509886
-319.4509886
-316.6971008
-313.9432129
-313.9432129
-313.9432129
-313.9432129
-311.1893251
-308.4354372
-305.6815494
-302.9276616
-302.9276616
-302.9276616
-300.1737738
-297.4198859
-297.4198859
-297.4198859
-294.6659981
-291.9121103
-291.9121103
-291.9121103
-289.1582225
-286.4043346
-286.4043346
-286.4043346
-283.6504468
-280.8965589
-280.8965589
-280.8965589
-278.1426711
-275.3887833
-275.3887833
-275.3887833
-273.5528581
-271.7169328
-269.8810076
-267.1271198
-264.3732319
-264.3732319
-264.3732319
-261.6193441
-258.8654563
-258.8654563
-258.8654563
-256.1115685
-253.3576806
-253.3576806
-253.3576806
-250.6037928
-247.8499049
-247.8499049
-247.8499049
-245.0960171
-242.3421293
-242.3421293
-242.3421293
-239.5882415
-236.8343536
-234.0804657
-231.3265779
-231.3265779
-231.3265779
-229.4906527
-227.6547275
-225.8188023
-225.8188023
-225.8188023
-223.0649145
-220.3110266
-220.3110266
-220.3110266
-217.5571387
-214.8032509
-214.8032509
-214.8032509
-214.8032509
-214.8032509
-212.0493631
-209.2954753
-206.5415875
-203.7876996
-203.7876996
-203.7876996
-203.7876996
-203.7876996
-201.0338117
-198.2799239
-198.2799239
-198.2799239
-195.5260361
-192.7721483
-192.7721483
-192.7721483
-192.7721483
-192.7721483
-192.7721483
-190.0182605
-187.2643726
-187.2643726
-187.2643726
-184.5104848
-181.7565969
-181.7565969
-181.7565969
-181.7565969
-181.7565969
-181.7565969
-181.7565969
-179.0027091
-176.2488213
-176.2488213
-176.2488213
-176.2488213
-176.2488213
-176.2488213
-176.2488213
-176.2488213
-176.2488213
-176.2488213
-176.2488213
-176.2488213
-176.2488213
-174.4128961
-172.5769708
-170.7410456
-170.7410456
-170.7410456
-167.9871578
-165.23327
-162.4793822
-159.7254943
-159.7254943
-159.7254943
-156.9716065
-154.2177186
-154.2177186
-154.2177186
-151.4638308
-148.709943
-148.709943
-148.709943
-148.709943
-148.709943
-148.709943
-148.709943
-148.709943
-148.709943
-148.709943
-148.709943
-148.709943
-148.709943
-148.709943
-148.709943
-148.709943
-148.709943
-148.709943
-145.9560552
-143.2021673
-143.2021673
-143.2021673
-143.2021673
-143.2021673
-143.2021673
-143.2021673
-143.2021673
-143.2021673
-143.2021673
-143.2021673
-143.2021673
-143.2021673
-140.4482795
-137.6943916
-137.6943916
-137.6943916
-137.6943916
-137.6943916
-137.6943916
-137.6943916
-137.6943916
-137.6943916
-137.6943916
-134.9405038
-132.186616
-132.186616
-132.186616
-132.186616
-132.186616
-132.186616
-132.186616
-132.186616
-132.186616
-132.186616
-132.186616
-132.186616
-132.186616
-129.4327282
-126.6788403
-126.6788403
-126.6788403
-126.6788403
-126.6788403
-126.6788403
-126.6788403
-126.6788403
-126.6788403
-126.6788403
-126.6788403
-126.6788403
-126.6788403
-126.6788403
-126.6788403
-126.6788403
-126.6788403
-126.6788403
-126.6788403
-126.6788403
-126.6788403
-126.6788403
-126.6788403
-126.6788403
-123.9249525
-121.1710646
-121.1710646
-121.1710646
-121.1710646
-121.1710646
-121.1710646
-121.1710646
-121.1710646
-121.1710646
-121.1710646
-121.1710646
-118.4171768
-115.663289
-115.663289
-115.663289
-115.663289
-115.663289
-115.663289
-115.663289
-115.663289
-115.663289
-115.663289
-112.9094012
-110.1555133
-110.1555133
-110.1555133
-110.1555133
-110.1555133
-110.1555133
-110.1555133
-110.1555133
-110.1555133
-110.1555133
-110.1555133
-110.1555133
-110.1555133
-110.1555133
-110.1555133
-110.1555133
-110.1555133
-110.1555133
-110.1555133
-110.1555133
-110.1555133
-110.1555133
-107.4016255
-104.6477376
-104.6477376
-104.6477376
-104.6477376
-104.6477376
-104.6477376
-104.6477376
-104.6477376
-104.6477376
-104.6477376
-104.6477376
-104.6477376
-104.6477376
-104.6477376
-104.6477376
-104.6477376
-104.6477376
-104.6477376
-104.6477376
-104.6477376
-104.6477376
-104.6477376
-104.6477376
-104.6477376
-104.6477376
-104.6477376
-104.6477376
-104.6477376
-104.6477376
-104.6477376
-104.6477376
-104.6477376
-104.6477376
-104.6477376
-104.6477376
-104.6477376
-104.6477376
-104.6477376
-104.6477376
-104.6477376
-104.6477376
-104.6477376
-104.6477376
-104.6477376
-104.6477376
-104.6477376
-104.6477376
-104.6477376
-104.6477376
-104.6477376
-101.8938498
-99.13996197
-99.13996197
-99.13996197
-99.13996197
-99.13996197
-99.13996197
-101.8938498
-104.6477376
-104.6477376
-104.6477376
-104.6477376
-104.6477376
-104.6477376
-104.6477376
-104.6477376
-104.6477376
-104.6477376
-104.6477376
-104.6477376
-104.6477376
-104.6477376
-104.6477376
-104.6477376
-104.6477376
-104.6477376
-104.6477376
-104.6477376
-104.6477376
-104.6477376
-104.6477376
-104.6477376
-104.6477376
-104.6477376
-104.6477376
-104.6477376
-104.6477376
-104.6477376
-104.6477376
-104.6477376
-104.6477376
-104.6477376
-104.6477376
-104.6477376
-104.6477376
-104.6477376
-101.8938498
-99.13996197
-99.13996197
-99.13996197
-99.13996197
-99.13996197
-99.13996197
-99.13996197
-99.13996197
-99.13996197
-99.13996197
-99.13996197
-99.13996197
-99.13996197
-99.13996197
-99.13996197
-99.13996197
-99.13996197
-99.13996197
-99.13996197
-99.13996197
-99.13996197
-99.13996197
-99.13996197
-99.13996197
-99.13996197
-99.13996197
-99.13996197
-99.13996197
-99.13996197
-99.13996197
-99.13996197
-99.13996197
-99.13996197
-99.13996197
-99.13996197
-99.13996197
-101.8938498
-104.6477376
-104.6477376
-104.6477376
-104.6477376
-104.6477376
-104.6477376
-104.6477376
-104.6477376
-104.6477376
-104.6477376
-104.6477376
-104.6477376
-104.6477376
-104.6477376
-104.6477376
-104.6477376
-101.8938498
-99.13996197
-99.13996197
-99.13996197
-99.13996197
-99.13996197
-99.13996197
-99.13996197
-101.8938498
-104.6477376
-101.8938498
-99.13996197
-101.8938498
-104.6477376
-104.6477376
-104.6477376
-104.6477376
-104.6477376
-104.6477376
-104.6477376
-104.6477376
-104.6477376
-104.6477376
-104.6477376
-104.6477376
-104.6477376
-104.6477376
-104.6477376
-104.6477376
-104.6477376
-104.6477376
-104.6477376
-104.6477376
-104.6477376
-104.6477376
-104.6477376
-104.6477376
-104.6477376
-104.6477376
-104.6477376
-104.6477376
-104.6477376
-104.6477376
-104.6477376
-104.6477376
-104.6477376
-104.6477376
-104.6477376
-104.6477376
-104.6477376
-104.6477376
-104.6477376
-107.4016255
-110.1555133
-110.1555133
-110.1555133
-110.1555133
-110.1555133
-110.1555133
-110.1555133
-110.1555133
-110.1555133
-110.1555133
-110.1555133
-110.1555133
-110.1555133
-110.1555133
-110.1555133
-110.1555133
-110.1555133
-110.1555133
-110.1555133
-110.1555133
-110.1555133
-110.1555133
-110.1555133
-110.1555133
-112.9094012
-115.663289
-115.663289
-115.663289
-112.9094012
-110.1555133
-112.9094012
-115.663289
-115.663289
-115.663289
-115.663289
-115.663289
-115.663289
-115.663289
-115.663289
-115.663289
-115.663289
-115.663289
-115.663289
-115.663289
-115.663289
-115.663289
-115.663289
-115.663289
-115.663289
-115.663289
-115.663289
-115.663289
-115.663289
-115.663289
-115.663289
-115.663289
-115.663289
-118.4171768
-121.1710646
-121.1710646
-121.1710646
-121.1710646
-121.1710646
-121.1710646
-121.1710646
-121.1710646
-121.1710646
-121.1710646
-121.1710646
-121.1710646
-121.1710646
-123.9249525
-126.6788403
-126.6788403
-126.6788403
-126.6788403
-126.6788403
-126.6788403
-126.6788403
-126.6788403
-126.6788403
-126.6788403
-126.6788403
-126.6788403
-126.6788403
-126.6788403
-126.6788403
-126.6788403
-129.4327282
-132.186616
-132.186616
-132.186616
-132.186616
-132.186616
-132.186616
-132.186616
-132.186616
-132.186616
-132.186616
-132.186616
-132.186616
-132.186616
-132.186616
-132.186616
-132.186616
-132.186616
-132.186616
-132.186616
-132.186616
-132.186616
-132.186616
-132.186616
-132.186616
-132.186616
-132.186616
-132.186616
-132.186616
-132.186616
-132.186616
-132.186616
-132.186616
-134.9405038
-137.6943916
-137.6943916
-137.6943916
-137.6943916
-137.6943916
-137.6943916
-137.6943916
-140.4482795
-143.2021673
-143.2021673
-143.2021673
-143.2021673
-143.2021673
-143.2021673
-143.2021673
-143.2021673
-143.2021673
-143.2021673
-143.2021673
-143.2021673
-143.2021673
-143.2021673
-143.2021673
-143.2021673
-143.2021673
-143.2021673
-143.2021673
-143.2021673
-143.2021673
-143.2021673
-143.2021673
-143.2021673
-143.2021673
-143.2021673
-143.2021673
-143.2021673
-143.2021673
-143.2021673
-143.2021673
-143.2021673
-143.2021673
-143.2021673
-143.2021673
-145.9560552
-148.709943
-148.709943
-148.709943
-148.709943
-148.709943
-148.709943
-148.709943
-148.709943
-148.709943
-148.709943
-148.709943
-148.709943
-148.709943
-148.709943
-148.709943
-148.709943
-148.709943
-150.5458682
-152.3817934
-154.2177186
-154.2177186
-154.2177186
-154.2177186
-154.2177186
-154.2177186
-154.2177186
-154.2177186
-154.2177186
-154.2177186
-154.2177186
-154.2177186
-154.2177186
-154.2177186
-154.2177186
-154.2177186
-154.2177186
-154.2177186
-154.2177186
-154.2177186
-154.2177186
-154.2177186
-154.2177186
-154.2177186
-154.2177186
-154.2177186
-154.2177186
-154.2177186
-156.9716065
-159.7254943
-159.7254943
-159.7254943
-159.7254943
-159.7254943
-159.7254943
-159.7254943
-159.7254943
-159.7254943
-159.7254943
-159.7254943
-159.7254943
-159.7254943
-159.7254943
-159.7254943
-159.7254943
-159.7254943
-159.7254943
-159.7254943
-159.7254943
-159.7254943
-159.7254943
-162.4793822
-165.23327
-165.23327
-165.23327
-159.7254943
-154.2177186
-154.2177186
-154.2177186
-154.2177186
-154.2177186
-154.2177186
-154.2177186
-154.2177186
-154.2177186
-154.2177186
-154.2177186
-154.2177186
-154.2177186
-154.2177186
-154.2177186
-154.2177186
-154.2177186
-154.2177186
-154.2177186
-154.2177186
-151.4638308
-148.709943
-148.709943
-148.709943
-148.709943
-148.709943
-148.709943
-148.709943
-148.709943
-148.709943
-148.709943
-148.709943
-145.9560552
-143.2021673
-143.2021673
-143.2021673
-143.2021673
-143.2021673
-143.2021673
-143.2021673
-143.2021673
-143.2021673
-143.2021673
-143.2021673
-143.2021673
-143.2021673
-143.2021673
-143.2021673
-143.2021673
-143.2021673
-143.2021673
-143.2021673
-143.2021673
-143.2021673
-143.2021673
-143.2021673
-143.2021673
-143.2021673
-143.2021673
-143.2021673
-143.2021673
-143.2021673
-143.2021673
-143.2021673
-143.2021673
-143.2021673
-143.2021673
-143.2021673
-143.2021673
-143.2021673
-143.2021673
-143.2021673
-140.4482795
-137.6943916
-137.6943916
-137.6943916
-137.6943916
-137.6943916
-137.6943916
-137.6943916
-137.6943916
-137.6943916
-137.6943916
-137.6943916
-137.6943916
-137.6943916
-137.6943916
-137.6943916
-137.6943916
-137.6943916
-137.6943916
-137.6943916
-137.6943916
-137.6943916
-137.6943916
-137.6943916
-137.6943916
-137.6943916
-137.6943916
-134.9405038
-132.186616
-132.186616
-132.186616
-132.186616
-132.186616
-132.186616
-132.186616
-132.186616
-132.186616
-132.186616
-132.186616
-132.186616
-132.186616
-132.186616
-132.186616
-134.9405038
-137.6943916
-137.6943916
-137.6943916
-137.6943916
-137.6943916
-137.6943916
-137.6943916
-135.8584664
-134.0225412
-132.186616
-132.186616
-132.186616
-132.186616
-132.186616
-132.186616
-132.186616
-132.186616
-132.186616
-129.4327282
-126.6788403
-126.6788403
-126.6788403
-126.6788403
-126.6788403
-126.6788403
-126.6788403
-126.6788403
-126.6788403
-123.9249525
-121.1710646
-121.1710646
-121.1710646
-118.4171768
-115.663289
-113.8273638
-111.9914385
-110.1555133
-110.1555133
-110.1555133
-107.4016255
-104.6477376
-101.8938498
-99.13996197
-96.38607414
-93.6321863
-93.6321863
-93.6321863
-90.87829847
-88.12441064
-88.12441064
-88.12441064
-85.37052281
-82.61663497
-79.86274714
-77.10885931
-77.10885931
-77.10885931
-74.35497148
-71.60108364
-71.60108364
-71.60108364
-68.84719581
-66.09330798
-66.09330798
-66.09330798
-66.09330798
-63.33942015
-60.58553231
-60.58553231
-60.58553231
-57.83164448
-55.07775665
-55.07775665
-55.07775665
-52.32386882
-49.56998098
-49.56998098
-49.56998098
-46.81609315
-44.06220532
-44.06220532
-44.06220532
-44.06220532
-44.06220532
-41.30831749
-38.55442965
-38.55442965
-38.55442965
-35.80054182
-33.04665399
-30.29276616
-27.53887832
-27.53887832
-27.53887832
-27.53887832
-24.78499049
-22.03110266
-19.27721483
-16.52332699
-16.52332699
-16.52332699
-11.01555133
-5.50777566
-5.50777566
-5.50777566
-2.753887827
5.12E-09
5.12E-09
5.12E-09
2.753887838
5.507775671
8.261663506
11.01555134
11.01555134
11.01555134
13.76943917
16.523327
16.523327
16.523327
19.27721484
22.03110267
22.03110267
22.03110267
22.03110267
24.7849905
27.53887833
27.53887833
27.53887833
30.29276616
33.046654
33.046654
33.046654
35.80054183
38.55442966
38.55442966
38.55442966
41.3083175
44.06220533
44.06220533
44.06220533
44.06220533
44.06220533
46.81609316
49.56998099
52.32386883
55.07775666
55.07775666
55.07775666
57.83164449
60.58553232
60.58553232
60.58553232
62.42145754
64.25738277
66.09330799
68.84719582
71.60108365
71.60108365
71.60108365
74.35497149
77.10885932
79.86274715
82.61663498
82.61663498
82.61663498
85.37052282
88.12441065
90.87829848
93.63218631
93.63218631
93.63218631
96.38607415
99.13996198
99.13996198
99.13996198
101.8938498
104.6477376
104.6477376
104.6477376
107.4016255
110.1555133
111.9914385
113.8273638
115.663289
115.663289
115.663289
118.4171768
121.1710646
123.9249525
126.6788403
126.6788403
126.6788403
129.4327282
132.186616
134.9405038
137.6943916
137.6943916
137.6943916
140.4482795
143.2021673
143.2021673
143.2021673
145.9560552
148.709943
148.709943
148.709943
151.4638308
154.2177186
156.0536438
157.8895691
159.7254943
159.7254943
159.7254943
162.4793822
165.23327
167.9871578
170.7410456
170.7410456
170.7410456
173.4949335
176.2488213
179.0027092
181.756597
181.756597
181.756597
184.5104848
187.2643726
187.2643726
187.2643726
190.0182605
192.7721483
192.7721483
192.7721483
194.6080735
196.4439988
198.279924
198.279924
198.279924
201.0338118
203.7876996
203.7876996
203.7876996
206.5415875
209.2954753
212.0493631
214.803251
217.5571388
220.3110266
220.3110266
220.3110266
223.0649145
225.8188023
228.5726901
231.3265779
234.0804657
236.8343536
236.8343536
236.8343536
239.5882415
242.3421293
244.1780545
246.0139797
247.8499049
250.6037928
253.3576806
253.3576806
253.3576806
256.1115685
258.8654563













































































