64
366.1556089
364.2100141
360.0670954
356.3149576
353.0274189
349.5278901
345.5874191
341.7500111
337.9899349
333.9464995
329.849951
325.7545435
321.5253423
317.2942977
313.1121431
308.9565627
304.792452
300.5409704
296.3925137
292.2104579
288.000183
283.839552
279.6676666
275.302499
271.1632076
267.0524939
263.0156995
259.0220449
255.0391711
251.0889857
247.0467308
243.1022868
239.2441703
235.4166732
231.6027747
227.7719696
223.9695034
220.2677806
216.5694992
212.9360279
209.2728826
205.70381
202.0980063
198.4489954
194.986705
191.5402447
188.0048192
184.4345482
181.0515807
177.598869
174.0460941
170.4774416
167.0303315
163.4317762
159.8229082
156.3554048
152.8548282
149.2197373
145.6716551
141.9359041
138.2306609
134.5716028
131.0169712
127.1286031
123.3114377
119.6417173
116.0485825
112.2472465
108.5598243
104.8505096
101.2823486
97.58777744
93.90430366
90.4257862
87.04817615
83.71559437
80.31687771
77.01060521
73.77569084
70.63312783
67.42507581
64.23927193
61.21563657
58.23460633
55.30630944
52.54395716
49.67135319
46.52327839
43.42882738
40.28198396
37.22086685
34.1465234
31.10296639
27.90243936
24.6321746
21.19456916
17.86493305
14.60815881
11.43527031
8.197888453
4.876036316
1.545385503
-1.941090797
-5.431874332
-8.878298145
-12.17595189
-15.42441725
-18.71899682
-22.0878966
-25.25609298
-28.41101285
-31.53590386
-34.66627489
-37.56934853
-40.61757654
-43.78880159
-46.90799395
-50.01094259
-53.24505346
-56.52557868
-59.76582746
-62.87816943
-66.09273057
-69.17650449
-72.33026379
-75.58036277
-78.7544255
-81.90380444
-84.95959717
-88.12505848
-91.52623952
-94.96845356
-98.30145362
-101.5347799
-104.6667841
-107.6313986
-110.6476337
-113.4445523
-116.1596836
-118.8961276
-121.7045432
-124.5849551
-127.5150938
-130.6056872
-133.6406579
-136.6920391
-139.7982273
-142.922025
-146.0540223
-149.3465012
-152.6357612
-155.8856089
-159.0437692
-162.083221
-165.1779873
-168.351498
-171.4977243
-174.6781763
-177.939117
-181.1322255
-184.2333233
-187.0649815
-190.0008657
-193.0417929
-195.9260502
-198.7617933
-201.5805218
-204.2871637
-206.9673103
-209.8184516
-212.7999305
-215.8212884
-218.7505315
-221.616076
-224.3480021
-227.2283024
-230.0654969
-233.0652172
-236.1692696
-239.2317468
-242.1890857
-245.3071593
-248.2155716
-251.3409228
-254.4292456
-257.395959
-260.4083391
-263.2904136
-266.2152539
-269.0859471
-271.9188703
-274.7094097
-277.4080297
-280.0570189
-282.6155079
-285.1665791
-287.9953971
-290.5771254
-292.9582827
-295.338536
-297.9122808
-300.3724475
-302.5241975
-304.7552424
-307.0594693
-309.4516517
-311.5342791
-313.679312
-315.8192945
-317.785371
-319.8186796
-321.7688215
-323.9296958
-326.0806482
-328.2895929
-330.6002757
-332.9519526
-335.1679107
-337.7604887
-340.4573009
-343.1446277
-346.1808074
-349.1352943
-352.3299117
-355.696193
-359.2993807
-363.1987498
-367.0344228
-371.1434033
-375.2755894
-379.418854
-383.3772641
-387.6884055
-392.1653336
-396.6642848
-400.8137157
-405.4819606
-410.3332102
-414.8979069
-419.5379412
-424.1185556
-428.7397328
-433.4031144
-437.8895999
-442.3837799
-446.6580366
-450.9748088
-454.9112767
-458.9748877
-462.7596879
-466.3781144
-469.982029
-473.4957449
-476.7994549
-480.07039
-483.1598524
-486.0429529
-488.6834202
-491.1702092
-493.4315064
-495.7790379
-497.9776371
-500.1898308
-502.0601426
-503.8648072
-505.7304583
-507.5886866
-509.1272538
-510.4918843
-512.1774104
-513.608189
-515.3013114
-516.8200514
-518.2728984
-519.5768134
-520.7009471
-522.0948506
-523.6288537
-524.97317
-526.367442
-528.0557329
-529.4988728
-530.9732846
-532.6502079
-533.8957547
-535.4531545
-537.0356701
-538.8284896
-540.6478284
-542.4741354
-544.2093514
-545.9530964
-547.7177968
-549.5908522
-551.5666166
-553.4938701
-555.2712791
-557.3799371
-559.4000182
-561.3066656
-563.4578785
-565.611421
-567.8428189
-569.9582003
-572.4636977
-575.0232564
-577.4585453
-579.6030026
-581.93218
-584.1947837
-586.385102
-588.8236453
-591.5556326
-593.9556393
-596.5616441
-599.2731504
-601.874742
-605.071647
-608.3333205
-611.5771926
-614.8274019
-617.9225484
-621.1501843
-624.4818056
-627.5439037
-630.7270402
-633.9379436
-636.9295421
-640.0371737
-643.0305145
-645.9529142
-649.0005304
-652.1641103
-655.4880395
-658.8458932
-662.508183
-666.147379
-670.1190903
-673.9482307
-677.9541672
-682.0915811
-685.8921772
-689.8478019
-693.6166824
-697.4547961
-701.3431846
-705.0716667
-708.8262084
-712.5276864
-716.2737004
-720.045736
-723.6680505
-727.4574631
-730.7685367
-734.2624789
-737.6391051
-741.0104333
-744.1269117
-747.3300207
-750.5096175
-753.6262907
-756.1898651
-758.934674
-761.7603049
-764.716828
-767.3550187
-769.9428414
-772.6370978
-774.9785352
-777.4625793
-779.6621011
-781.5488325
-783.5010593
-785.2024973
-787.0525613
-788.799606
-790.6128044
-792.0855617
-793.6764923
-795.1490632
-796.3319807
-797.7801508
-799.3477027
-800.9152546
-802.4828064
-804.0503583
-805.5394912
-807.0034746
-808.292472
-809.7872422
-811.2675327
-812.7478233
-814.2281138
-815.7084043
-817.1886949
-818.6689854
-820.1492759
-821.6295665
-823.109857
-824.5901475
-826.0704381
-827.5507286
-829.0310191
-830.5113097
-831.9916002
-833.4718907
-835.4235407
-837.3789909
-839.8368302
-842.0136607
-844.5534946
-847.2352126
-849.995293
-852.872402
-855.5091729
-858.275738
-861.6152412
-864.3315503
-866.8765231
-869.9535962
-872.7717199
-875.753754
-878.8580793
-881.8881053
-884.8103306
-887.732556
-890.6547813
-893.5770066
-896.499232
-899.4214573
-902.3436827
-905.4594994
-908.6085477
-911.9069717
-915.2120941
-918.87991
-922.5716486
-926.2049948
-929.6131187
-933.0898476
-936.5122642
-939.9346808
-943.3570974
-946.779514
-950.2019305
-953.6243471
-957.0467637
-960.4691803
-963.8915969
-967.3140134
-970.73643
-974.0260322
-977.4168262
-980.8076203
-984.1984144
-987.5892085
-990.9800026
-994.3707967
-997.7615908
-1001.152385
-1004.543179
-1007.933973
-1011.418846
-1015.061202
-1018.523024
-1022.24171
-1025.876678
-1029.594699
-1032.768966
-1035.945581
-1039.417354
-1042.939209
-1046.188351
-1049.248601
-1052.503684
-1055.361944
-1058.083596
-1061.118646
-1064.034829
-1066.432555
-1069.169047
-1071.909697
-1074.610831
-1077.034189
-1078.686625
-1080.581753
-1082.772474
-1084.644898
-1086.723164
-1088.153656
-1090.224259
-1091.313865
-1092.363577
-1093.08933
-1093.98759
-1094.663679
-1095.561796
-1096.353587
-1097.196776
-1097.996633
-1099.357172
-1100.192034
-1100.844602
-1101.703965
-1102.518645
-1103.60901
-1104.505774
-1105.425319
-1106.832384
-1108.714594
-1110.906372
-1113.248351
-1115.614666
-1118.319018
-1121.42002
-1124.906977
-1128.078856
-1131.528475
-1135.083297
-1138.579509
-1142.238423
-1146.565282
-1150.748597
-1155.116357
-1159.377664
-1163.512293
-1167.289664
-1171.218873
-1175.610997
-1179.727201
-1184.435174
-1189.05883
-1193.526068
-1198.166092
-1202.572274
-1206.978455
-1211.151375
-1214.38358
-1218.47995
-1222.214454
-1224.935839
-1228.657256
-1232.378673
-1236.10009
-1239.326553
-1241.96415
-1244.253162
-1247.407011
-1250.560861
-1253.714711
-1256.86856
-1260.02241
-1263.17626
-1266.330109
-1267.463741
-1268.656491
-1269.387032
-1269.783781
-1271.040635
-1271.583897
-1271.866606
-1272.831335
-1273.739969
-1274.766145
-1275.335115
-1275.896256
-1276.736273
-1277.24301
-1276.953311
-1276.62253
-1276.791087
-1276.276206
-1275.953246
-1275.441677
-1275.143986
-1274.527968
-1274.271364
-1274.18994
-1273.989515
-1273.630091
-1273.669535
-1274.06896
-1273.424873
-1273.002854
-1272.760545
-1273.501008
-1273.935233
-1274.016143
-1274.80827
-1275.668097
-1276.980806
-1278.466301
-1280.520327
-1283.245254
-1285.612968
-1288.386993
-1290.703827
-1294.033259
-1297.037662
-1300.882081
-1304.280535
-1308.637345
-1312.554313
-1317.192197
-1322.617729
-1327.963118
-1332.875962
-1338.555388
-1344.676107
-1350.377033
-1356.459469
-1361.858156
-1368.137388
-1374.246317
-1380.315387
-1385.912049
-1391.640124
-1397.440255
-1403.175381
-1408.607169
-1414.286807
-1419.17042
-1424.66721
-1429.440321
-1434.318903
-1439.549049
-1443.319486
-1447.707287
-1452.504493
-1457.301698
-1462.098904
-1466.896109
-1471.115879
-1473.877724
-1475.633061
-1477.95958
-1479.537657
-1479.594998
-1479.265383
-1478.516427
-1476.991402
-1474.581181
-1472.719704
-1470.428082
-1468.63316
-1466.432169
-1464.722511
-1462.74424
-1461.12738
-1459.058853
-1457.432092
-1455.682437
-1453.988475
-1452.735598
-1451.647514
-1450.94242
-1449.908545
-1450.603251
-1450.018544
-1449.856136
-1449.734056
-1449.496266
-1449.043367
-1448.732346
-1448.38976
-1447.808102
-1447.149026
-1447.26577
-1447.848895
-1447.758035
-1447.769743
-1448.731677
-1449.292741
-1449.716702
-1451.090783
-1452.436555
-1454.580226
-1455.836695
-1458.192691
-1461.22247
-1463.46338
-1466.205243
-1469.970868
-1473.069917
-1477.253239
-1482.447076
-1486.320153
-1491.190166
-1495.509298
-1499.863462
-1504.948679
-1509.838839
-1515.022172
-1519.616958
-1524.620443
-1529.300375
-1533.147157
-1536.255367
-1540.419072
-1544.582777
-1547.245817
-1549.937232
-1551.401882
-1552.555831
-1553.651632
-1555.941709
-1556.126946
-1555.564383
-1555.486748
-1555.740357
-1555.957443
-1555.993995
-1555.879054
-1554.494193
-1553.823265
-1553.599992
-1553.613881
-1553.275691
-1553.24462
-1553.927842
-1554.404764
-1554.362134
-1554.254617
-1554.379313
-1554.402511
-1554.201097
-1554.513961
-1554.574765
-1555.444127
-1556.047442
-1556.835001
-1557.630615
-1558.250501
-1559.296095
-1559.955688
-1560.980501
-1561.865026
-1563.123541
-1563.947512
-1564.820459
-1565.693407
-1566.566354
-1567.694581
-1568.628309
-1569.562037
-1570.495765
-1572.659481
-1573.862824
-1575.471664
-1578.476819
-1581.361661
-1584.168557
-1588.672241
-1593.302818
-1598.690079
-1603.466489
-1607.353779
-1611.609695
-1617.693125
-1622.899898
-1628.184711
-1633.539916
-1638.758999
-1644.677884
-1650.197659
-1655.723384
-1661.100648
-1666.794502
-1672.895832
-1679.312674
-1685.081594
-1690.850513
-1696.601607
-1702.371523
-1708.232394
-1713.235227
-1718.868555
-1724.485841
-1730.100379
-1735.048578
-1740.504105
-1745.959633
-1751.415161
-1756.629679
-1761.484715
-1766.764818
-1771.745561
-1775.273096
-1779.701174
-1784.438751
-1787.711977
-1790.455089
-1794.48405
-1797.519095
-1798.113399
-1797.305522
-1797.098924
-1794.840338
-1793.665355
-1791.940464
-1787.597421
-1784.094729
-1778.772049
-1772.914032
-1766.706465
-1761.244576
-1755.688141
-1750.334412
-1745.970626
-1741.564244
-1736.034505
-1730.969178
-1725.911948
-1721.435782
-1717.393936
-1713.604529
-1710.000806
-1706.315026
-1704.812001
-1701.546927
-1700.044422
-1698.824267
-1696.207834
-1695.823784
-1695.617907
-1695.091724
-1694.42227
-1693.169641
-1691.887556
-1690.871872
-1689.876695
-1688.718415
-1687.560135
-1686.701575
-1687.258916
-1687.224625
-1686.663081
-1686.101538
-1685.539994
-1685.916375
-1685.582229
-1685.665222
-1685.421758
-1685.178294
-1684.934831
-1684.691367
-1684.447903
-1684.204439
-1683.960975
-1683.717512
-1683.474048
-1683.230584
-1682.98712
-1682.743656
-1682.500193
-1682.256729
-1682.013265
-1681.769801
-1681.526338
-1681.282874
-1681.03941
-1680.795946
-1680.552482
-1680.309019
-1680.065555
-1679.822091
-1679.578627
-1679.335163
-1679.0917
-1678.848236
-1678.604772
-1678.361308
-1678.117845
-1678.81599
-1680.824383
-1681.239205
-1681.654027
-1682.068849
-1682.483671
-1682.898493
-1684.367618
-1685.022054
-1685.67649
-1686.330926
-1691.27236
-1696.176909
-1700.896333
-1705.386816
-1712.085793
-1720.648574
-1731.031688
-1742.36793
-1753.46809
-1765.023702
-1776.343437
-1788.42176
-1801.710088
-1814.893123
-1829.009237
-1841.738548
-1854.867033
-1868.045793
-1880.436092
-1891.975732
-1904.01597
-1916.147673
-1928.954008
-1940.13679
-1952.235284
-1964.149348
-1976.205927
-1988.262505
-2000.319083
-2012.375662
-2024.43224
-2036.488819
-2048.545397
-2060.601975
-2072.658554
-2084.715132
-2096.771711
-2108.828289
-2120.884867
-2132.941446
-2144.998024
-2157.054602
-2169.111181
-2181.167759
-2193.224338
-2205.280916
-2217.337494
-2229.394073
-2241.450651
-2253.50723
-2265.563808
-2277.620386
-2289.676965
-2301.733543
-2313.790121
-2325.8467
-2337.903278
-2349.959857
-2362.016435
-2374.073013
-2386.129592
-2398.18617
-2410.242749
-2422.299327
-2434.355905
-2446.412484
-2458.469062
-2470.52564
-2482.582219
-2494.638797
-2506.695376
-2518.751954
-2530.808532
-2542.865111
-2554.921689
-2566.978268
-2579.034846
-2591.091424
-2603.148003
-2615.204581
-2627.261159
-2639.317738
-2651.374316
-2663.430895
-2675.487473
-2687.544051
-2699.60063
-2711.657208
-2723.713787
-2735.770365
-2747.826943
-2759.883522
-2771.9401
-2783.996678
-2796.053257
-2808.109835
-2820.166414
-2832.222992
-2844.27957
-2856.336149
-2868.392727
-2880.449306
-2892.505884
-2904.562462
-2916.619041
-2928.675619
-2940.732197
-2952.788776
-2964.845354
-2976.901933
-2988.958511

