64
-215.312458
-216.3992242
-218.831758
-220.3439132
-221.2245756
-222.1395965
-223.41385
-224.3789569
-225.1536265
-226.1945393
-227.1324641
-227.9801448
-228.9345192
-229.8581442
-230.6917062
-231.4195912
-232.1185971
-232.850066
-233.5011068
-234.2066399
-234.8762737
-235.4968166
-236.1165062
-236.7743584
-237.2777128
-237.7652613
-238.2138222
-238.6329546
-239.0688334
-239.4926849
-239.943808
-240.3515196
-240.7550504
-241.1418697
-241.5214733
-241.9153122
-242.3074186
-242.6713493
-243.0401957
-243.3392767
-243.5870209
-243.7650233
-243.9495569
-244.1616488
-244.2939172
-244.4118315
-244.5910965
-244.7956877
-244.9473098
-245.1288132
-245.3605515
-245.6374341
-245.855166
-246.1694485
-246.5030084
-246.7691406
-247.0740367
-247.4730478
-247.8516665
-248.3298416
-248.8207409
-249.2999128
-249.7474899
-250.3915988
-251.0403516
-251.6358073
-252.1882672
-252.8823779
-253.5515802
-254.2211244
-254.8554162
-255.5716641
-256.3000458
-256.9593558
-257.5907962
-258.2222568
-258.9445253
-259.650449
-260.3426611
-261.0096696
-261.7390678
-262.5090427
-263.2454675
-263.9793893
-264.7217632
-265.4206234
-266.2425835
-267.2234404
-268.2162847
-269.2515723
-270.2731077
-271.3334027
-272.3766534
-273.5692374
-274.8382212
-276.2004399
-277.5448432
-278.8864455
-280.2231275
-281.5924339
-283.0498663
-284.5589964
-286.1432922
-287.7560045
-289.3648246
-290.9149009
-292.4349389
-293.9974549
-295.5935513
-297.1133974
-298.6250889
-300.1451439
-301.6619676
-303.0516134
-304.4973903
-305.9828627
-307.4164207
-308.8509656
-310.3245088
-311.8373168
-313.3133618
-314.713182
-316.1228491
-317.4620681
-318.8640705
-320.2825235
-321.635846
-322.946788
-324.1919626
-325.4648711
-326.8635244
-328.234363
-329.5351829
-330.7780252
-331.952297
-333.0181844
-334.1027299
-335.0838906
-336.014452
-336.9435965
-337.8731545
-338.7995965
-339.7457682
-340.7579855
-341.7376654
-342.7295306
-343.7475054
-344.7826915
-345.8177158
-346.9181069
-348.0383862
-349.1695731
-350.2805252
-351.3466973
-352.4596341
-353.6175856
-354.78424
-355.9811085
-357.2353272
-358.4804006
-359.6984612
-360.8497026
-362.0656626
-363.3431103
-364.592339
-365.85096
-367.1246195
-368.3679003
-369.6260116
-370.9836494
-372.4260236
-373.922906
-375.3970326
-376.8514876
-378.2900539
-379.8052205
-381.3017101
-382.8650869
-384.4686681
-386.0970141
-387.6591238
-389.2958375
-390.8307673
-392.4623374
-394.0425147
-395.566977
-397.105801
-398.575396
-400.0194893
-401.4327141
-402.8279772
-404.1946542
-405.5058049
-406.754103
-407.9211544
-409.060581
-410.2957927
-411.3903955
-412.3613133
-413.2789266
-414.2529828
-415.1179113
-415.8144232
-416.5108015
-417.1729456
-417.8429215
-418.332519
-418.8095118
-419.2428255
-419.5688521
-419.8842386
-420.104513
-420.4000004
-420.6850678
-420.9552304
-421.257897
-421.5570697
-421.7956497
-422.1946909
-422.6445301
-423.0788749
-423.6676559
-424.2334835
-424.9067205
-425.6382641
-426.5125974
-427.5283584
-428.5693259
-429.7274685
-430.9202811
-432.1457762
-433.3393856
-434.7231103
-436.2337497
-437.8040195
-439.3020719
-441.1036943
-442.9957147
-444.8145134
-446.7764697
-448.7812848
-450.8114665
-452.9154823
-454.9867027
-457.1430294
-459.2470474
-461.3916102
-463.4339114
-465.5961439
-467.6704519
-469.6951255
-471.7522329
-473.795357
-475.8089964
-477.8479378
-479.8131885
-481.7149186
-483.5463042
-485.3312372
-487.0337982
-488.7823784
-490.4678264
-492.1633025
-493.7128158
-495.2348511
-496.8041442
-498.3625687
-499.754572
-501.0825989
-502.5440295
-503.8925799
-505.3429557
-506.699927
-507.9985859
-509.2259729
-510.3644125
-511.5700403
-512.7895874
-513.8711421
-514.9506851
-516.1093101
-517.1440805
-518.1429694
-519.187015
-519.9873055
-520.8907897
-521.7542979
-522.6927719
-523.6137894
-524.5141846
-525.3256866
-526.1056964
-526.8680016
-527.6438587
-528.4477013
-529.1785508
-529.8141588
-530.5863113
-531.3319215
-531.9816126
-532.7213372
-533.4716366
-534.2583546
-534.9951433
-535.8674403
-536.73638
-537.5708714
-538.2763243
-539.0781003
-539.8442239
-540.5791602
-541.3641872
-542.2550264
-543.0575721
-543.9359518
-544.8467244
-545.6345814
-546.6445105
-547.6450652
-548.6069459
-549.5263552
-550.430205
-551.3823004
-552.3422941
-553.1951794
-554.0695408
-554.9510834
-555.734446
-556.5846953
-557.3128562
-558.0316257
-558.8418471
-559.6236716
-560.4661767
-561.3124993
-562.3161354
-563.3170703
-564.4714918
-565.5784379
-566.7677069
-568.0182178
-569.1275232
-570.3330183
-571.4795145
-572.6881893
-573.9615866
-575.1898795
-576.4796673
-577.7118623
-578.9524824
-580.1732856
-581.4999683
-582.8830855
-584.1653204
-585.5748401
-586.9935846
-588.5251482
-589.9896229
-591.5432815
-593.0846079
-594.6772746
-596.0719013
-597.5668581
-599.1539114
-600.8091863
-602.3585119
-603.9376913
-605.6019072
-607.1317143
-608.7220515
-610.1857648
-611.5304193
-612.8868297
-614.1608818
-615.4703224
-616.7427292
-618.0339678
-619.1396163
-620.2919182
-621.3703109
-622.3035417
-623.3816455
-624.5208545
-625.6600635
-626.7992725
-627.9384815
-628.9267941
-629.8882523
-630.7231609
-631.7103957
-632.7223203
-633.7342449
-634.7461694
-635.758094
-636.7700186
-637.7819431
-638.7938677
-639.8057923
-640.8177169
-641.8296414
-642.841566
-643.8534906
-644.8654152
-645.8773397
-646.8892643
-647.9011889
-648.910118
-649.7782541
-650.5808172
-651.4653029
-652.223936
-652.8256226
-653.3766056
-653.8327114
-654.0560502
-654.2456938
-654.5880151
-654.7512508
-654.6336994
-654.6623549
-654.826797
-654.7968281
-654.8284481
-654.8777874
-654.9852639
-655.0927403
-655.2002168
-655.3076933
-655.4151698
-655.5226463
-655.6301228
-655.7866876
-655.9498837
-656.1300769
-656.3055984
-656.5655883
-656.833656
-657.115227
-657.3278959
-657.5572655
-657.7734138
-657.989562
-658.2057102
-658.4218585
-658.6380067
-658.854155
-659.0703032
-659.2864514
-659.5025997
-659.7187479
-659.9348962
-660.1379111
-660.3509323
-660.5639536
-660.7769749
-660.9899961
-661.2030174
-661.4160386
-661.6290599
-661.8420812
-662.0551024
-662.2681237
-662.6305109
-663.1071948
-663.4047078
-664.2353869
-665.1732224
-666.1206498
-667.3779688
-668.804968
-670.5456548
-672.4834523
-674.1426958
-676.1121315
-678.3137232
-680.4469093
-682.6341775
-685.0665026
-687.5761179
-689.9559347
-692.4314363
-694.7792419
-697.3798974
-699.9244773
-702.2133636
-704.6229631
-707.1615207
-709.5085975
-711.9218313
-714.1138763
-716.5475946
-718.5659766
-720.490731
-722.2159734
-723.9627112
-725.5603466
-727.1840464
-728.6707425
-730.1253332
-731.4072112
-732.8600866
-734.0089916
-734.9446404
-735.8836228
-736.6893172
-737.5923078
-738.5122452
-739.1390375
-739.8778662
-740.7264682
-741.6263239
-742.4653395
-743.2261792
-744.1054589
-745.0888241
-746.1622356
-747.0732653
-748.0393708
-749.0460461
-750.1057599
-751.1663262
-752.4023855
-753.5725658
-754.8158431
-756.0252614
-757.1290918
-758.1604614
-759.2610153
-760.5490862
-761.7419514
-763.197482
-764.6281502
-765.9775009
-767.4369782
-768.7663984
-770.0958186
-771.3924492
-772.4752016
-773.7429891
-774.9258757
-775.9160344
-777.1058444
-778.2956544
-779.4854643
-780.533981
-781.4441565
-782.2412043
-783.2776356
-784.314067
-785.3504984
-786.3869297
-787.4233611
-788.4597925
-789.4962239
-790.0401473
-790.6099816
-791.2378223
-791.7220597
-792.3774412
-792.9600938
-793.446862
-794.1115004
-794.7869776
-795.4380192
-796.0344424
-796.6817248
-797.3216864
-797.9482206
-798.4595982
-798.8994453
-799.5131771
-800.0460431
-800.7077416
-801.342287
-801.9454962
-802.4434091
-803.0449531
-803.7950612
-804.4711519
-805.086861
-805.8419814
-806.7874628
-807.2945604
-807.8827157
-808.5359463
-809.5973779
-810.5272415
-811.3137726
-812.3048055
-813.2955307
-814.4289628
-815.5906905
-816.9305638
-818.5459908
-819.957833
-821.4890283
-822.8044763
-824.4947724
-825.9816337
-827.7646165
-829.3268145
-831.2279867
-832.9165224
-834.8764416
-837.1447783
-839.3502168
-841.3649449
-843.6908339
-846.2060157
-848.5406
-851.0294004
-853.2143505
-855.7340671
-858.1782826
-860.6167707
-862.8556763
-865.1635228
-867.5282491
-869.8615243
-872.0625293
-874.3658007
-876.3672715
-878.6013144
-880.5711322
-882.5737448
-884.7089239
-886.2793614
-888.1031904
-890.0738783
-892.0445661
-894.015254
-895.9859418
-897.7517946
-899.0957379
-900.1123612
-901.3198792
-902.2625163
-902.6895484
-903.0409248
-903.250844
-903.1745323
-902.7936471
-902.7095855
-902.4960078
-902.5174238
-902.4688807
-902.5774583
-902.5268983
-902.7754308
-902.8243619
-903.1643231
-903.4359911
-903.6113071
-904.0865329
-904.6475989
-905.3868687
-905.9222275
-907.2981614
-908.1297812
-909.1153516
-910.0891102
-910.9942843
-911.8213616
-912.7239676
-913.5354986
-914.2188835
-914.9004978
-915.8735382
-917.0359846
-917.8899245
-918.7308375
-919.9308912
-920.9453394
-921.8374186
-923.0688664
-924.3160225
-925.7953928
-926.9655848
-928.5184594
-930.3043505
-931.7189607
-933.287168
-935.289351
-937.032669
-939.1862426
-941.7393402
-943.789888
-946.1949747
-948.3853653
-950.5891207
-953.0719277
-955.4420375
-957.8891974
-960.1718228
-962.6020973
-964.915483
-966.8295659
-968.346214
-970.4025255
-972.458837
-973.8181194
-975.1862832
-976.0038348
-976.6030314
-977.2267494
-978.401878
-978.566563
-978.3513743
-978.3510754
-978.5187276
-978.6677493
-978.7187838
-978.7193417
-978.1320778
-977.9515752
-977.9481014
-978.0768549
-978.0588874
-978.165682
-978.6886293
-979.0428844
-979.1606088
-979.234705
-979.4113293
-979.5690757
-979.6177412
-979.9178049
-980.0846036
-980.6248937
-981.0776534
-981.59345
-982.1018452
-982.5321573
-983.1386449
-983.5842095
-984.1838681
-984.7066049
-985.3907254
-985.8799986
-986.4051513
-986.9303039
-987.4554566
-988.0897218
-988.6408536
-989.1919854
-989.7431173
-990.8277497
-991.4959021
-992.3400926
-993.7659465
-995.1464022
-996.4910244
-998.5334757
-1000.618868
-1003.069477
-1005.241308
-1007.023772
-1008.973516
-1011.684337
-1014.036707
-1016.390399
-1018.814471
-1021.176375
-1023.849947
-1026.318776
-1028.803422
-1031.223069
-1033.783822
-1036.506078
-1039.434519
-1042.036811
-1044.639102
-1047.265737
-1049.916713
-1052.587966
-1054.851921
-1057.431797
-1060.011689
-1062.571244
-1064.858719
-1067.353262
-1069.847806
-1072.342349
-1074.742056
-1077.015039
-1079.443613
-1081.761318
-1083.527696
-1085.633281
-1087.856806
-1089.501356
-1090.942671
-1092.887603
-1094.43317
-1094.979496
-1094.97411
-1095.212523
-1094.71046
-1094.60459
-1094.386573
-1093.078594
-1092.128651
-1090.514903
-1088.713533
-1086.788666
-1085.257613
-1083.722405
-1082.302212
-1081.367507
-1080.374389
-1078.855289
-1077.509286
-1076.20191
-1075.195577
-1074.428865
-1073.739907
-1073.110483
-1072.467277
-1072.79037
-1072.293541
-1072.602297
-1072.993694
-1072.79341
-1073.505126
-1074.232149
-1074.807031
-1075.329015
-1075.647304
-1075.912532
-1076.21352
-1076.515961
-1076.820182
-1077.124403
-1077.525668
-1078.372904
-1078.945838
-1079.420434
-1079.89503
-1080.369625
-1081.164086
-1081.71607
-1082.39739
-1082.977491
-1083.557592
-1084.137693
-1084.717794
-1085.297894
-1085.877995
-1086.458096
-1087.038197
-1087.618297
-1088.198398
-1088.778499
-1089.3586
-1089.9387
-1090.518801
-1091.098902
-1091.679003
-1092.259104
-1092.839204
-1093.419305
-1093.999406
-1094.579507
-1095.159607
-1095.739708
-1096.319809
-1096.89991
-1097.48001
-1098.060111
-1098.640212
-1099.220313
-1099.800413
-1100.380514
-1101.155812
-1102.234453
-1102.957739
-1103.681024
-1104.40431
-1105.127595
-1105.850881
-1106.787527
-1107.559304
-1108.331081
-1109.102858
-1110.617213
-1112.083361
-1113.577438
-1114.86315
-1116.464363
-1118.356771
-1120.805806
-1123.43356
-1126.023627
-1128.350616
-1130.891977
-1133.642603
-1136.594279
-1139.500632
-1142.648922
-1145.07123
-1147.83505
-1150.453901
-1152.763813
-1154.732436
-1157.035776
-1159.347187
-1162.042813
-1164.006104
-1166.357984
-1168.685191
-1171.031463
-1173.377735
-1175.724007
-1178.07028
-1180.416552
-1182.762824
-1185.109096
-1187.455369
-1189.801641
-1192.147913
-1194.494185
-1196.840458
-1199.18673
-1201.533002
-1203.879274
-1206.225547
-1208.571819
-1210.918091
-1213.264364
-1215.610636
-1217.956908
-1220.30318
-1222.649453
-1224.995725
-1227.341997
-1229.688269
-1232.034542
-1234.380814
-1236.727086
-1239.073358
-1241.419631
-1243.765903
-1246.112175
-1248.458447
-1250.80472
-1253.150992
-1255.497264
-1257.843536
-1260.189809
-1262.536081
-1264.882353
-1267.228625
-1269.574898
-1271.92117
-1274.267442
-1276.613714
-1278.959987
-1281.306259
-1283.652531
-1285.998803
-1288.345076
-1290.691348
-1293.03762
-1295.383892
-1297.730165
-1300.076437
-1302.422709
-1304.768981
-1307.115254
-1309.461526
-1311.807798
-1314.15407
-1316.500343
-1318.846615
-1321.192887
-1323.539159
-1325.885432
-1328.231704
-1330.577976
-1332.924248
-1335.270521
-1337.616793
-1339.963065
-1342.309337
-1344.65561
-1347.001882
-1349.348154
-1351.694427
-1354.040699
-1356.386971
-1358.733243
-1361.079516
-1363.425788
-1365.77206
-1368.118332

