263
-147.8134255
-147.8134255
-147.8134255
-147.9992669
-148.1770253
-148.7605299
-149.3800858
-150.5507569
-151.6663647
-152.6359052
-153.986299
-155.7507405
-157.9354696
-160.0706746
-162.0607163
-164.0080876
-166.4573802
-169.7430716
-172.9369163
-176.314161
-179.617076
-182.9243168
-186.8451794
-190.065996
-193.5556871
-196.61725
-199.7267023
-203.3063543
-206.4374222
-209.6877486
-213.1089671
-216.443014
-219.7329745
-223.0250773
-226.332659
-229.5789245
-232.8100799
-235.8790381
-238.9251698
-241.8296732
-244.762683
-247.5468178
-250.1963633
-252.7609213
-255.2969082
-257.6636732
-259.8984076
-262.0568069
-264.4262268
-266.7044939
-269.2920613
-271.4149872
-273.3871207
-275.8841427
-278.4368332
-280.6394442
-282.6573154
-284.7707956
-286.9072555
-288.9447388
-290.865089
-292.7160259
-294.4366993
-296.2699656
-298.3042157
-300.0957681
-301.7472602
-303.5320704
-305.2311786
-307.0940677
-309.1890801
-311.3994917
-313.7548334
-316.5391004
-319.2980966
-322.0705878
-324.6467773
-327.2661384
-330.0961186
-333.1165172
-336.2753139
-339.4185247
-342.5084959
-345.5227058
-348.5577807
-351.760127
-354.7158539
-357.6460731
-360.6537096
-363.6416607
-366.7974729
-369.9668901
-373.2801436
-376.5992123
-380.4310138
-384.1147197
-387.7001879
-391.0127934
-394.3873614
-397.7076766
-400.8819675
-403.743748
-406.4596568
-408.9797596
-411.4249809
-414.0164179
-416.6895073
-419.129058
-421.6752793
-423.8126327
-426.3974209
-428.8371905
-431.1310685
-433.7605432
-435.7911749
-438.2299484
-441.1544645
-443.9280171
-446.6517519
-449.4170124
-452.3298121
-455.0842984
-458.1426703
-461.0370744
-463.8108666
-466.4684824
-468.9059752
-471.6742308
-474.800765
-477.0043677
-479.4446508
-482.3794734
-485.4593775
-488.1443265
-491.4588979
-494.1743387
-497.5796009
-500.5080765
-503.7939886
-506.9048026
-510.1858648
-513.2970328
-516.872156
-520.0247068
-523.1554579
-525.7843832
-528.6851545
-531.5400332
-534.0936658
-536.4006664
-538.9199596
-541.3459346
-543.9847205
-546.6235063
-549.2622922
-551.1751474
-553.306652
-555.927285
-558.4970305
-560.7577786
-563.3631179
-565.2443478
-567.5442674
-570.0380009
-572.1901199
-574.4741556
-576.7544557
-578.3163459
-580.162386
-582.2684268
-584.2607398
-586.0871537
-587.9841151
-589.8245825
-592.3250968
-594.7753095
-596.8036929
-598.8044813
-601.0985948
-603.4776486
-605.5248875
-607.9637515
-610.4085745
-613.4065529
-616.0281777
-618.6365325
-621.1090499
-623.8936329
-626.563
-629.8288687
-632.8121071
-635.8671955
-638.9736578
-642.6877369
-646.1220096
-649.5919347
-653.0165568
-656.1606991
-659.9209475
-663.4349178
-666.5726147
-669.8718422
-672.5836064
-675.9494157
-678.7312483
-681.3039407
-683.868316
-686.5651931
-689.1893447
-692.3160476
-695.188603
-697.946795
-701.2200883
-704.7643389
-708.1831435
-710.7910629
-714.0572806
-717.547065
-721.4885889
-725.0275246
-728.1244856
-731.6418091
-735.6351281
-739.8965662
-743.0787315
-746.2649934
-750.3876181
-754.5706384
-758.572258
-762.7209348
-765.7832613
-768.8296014
-772.2920484
-775.1598477
-778.5670088
-781.4126385
-783.8368551
-786.5158255
-788.6683831
-791.0983456
-793.9048114
-796.441894
-798.8238227
-801.5791484
-804.7277353
-806.9920759
-809.0641092
-810.4617067
-813.3278653
-815.6935287
-817.5416906
-820.3803366
-823.7774703
-825.8687583
-827.7913519
-829.7886318
-832.1593927
-834.4517957
-835.6283544
-837.7155813
-840.9842301
-843.7480118
-845.7314747
-848.510905
-850.1904763
-851.7706713
-853.6763643
-856.1793532
-859.0772636
-861.7458364
-864.434231
-866.5917103
-869.8080034
-874.0450663
-878.7305249
-881.1271084
-884.7555385
-888.5564971
-891.9531581
-895.4674377
-898.4564867
-901.0549797
-903.5731365
-906.4134314
-908.5922762
-911.534949
-913.2677953
-915.4881035
-918.1813153
-920.9689144
-924.251031
-928.3249702
-930.9768877
-933.11098
-935.6268489
-939.2468382
-942.1469221
-944.4395415
-947.4865995
-950.3065455
-952.0331729
-954.3140938
-955.5577499
-957.6783327
-959.7353912
-961.6660374
-963.8117053
-965.7236431
-967.6636429
-969.7285971
-971.2233965
-972.561159
-974.5222371
-978.5726521
-984.1329848
-987.6251087
-990.3267793
-994.5504719
-998.6854376
-1001.289656
-1004.298576
-1007.855672
-1010.549706
-1014.406406
-1019.148157
-1023.995263
-1028.555306
-1032.95282
-1038.374111
-1044.781979
-1050.942696
-1058.252708
-1065.486042
-1073.141294
-1079.566143
-1085.905593
-1092.737931
-1099.308581
-1105.846126
-1111.39876
-1117.30225
-1122.392205
-1125.835167
-1130.329115
-1134.201058
-1139.317241
-1143.724311
-1146.926629
-1149.4161
-1153.661405
-1157.889293
-1163.326625
-1169.216576
-1172.968921
-1177.248884
-1180.976308
-1184.930615
-1187.72144
-1190.949504
-1194.069335
-1196.123946
-1199.63045
-1202.047009
-1205.374147
-1207.944246
-1210.9586
-1212.292356
-1213.772637
-1213.750209
-1215.181623
-1216.996652
-1219.416017
-1220.582146
-1220.802838
-1222.262026
-1224.456295
-1227.721199
-1230.538663
-1233.23222
-1236.820386
-1238.733683
-1240.387401
-1241.498367
-1241.848459
-1242.914385
-1246.313819
-1250.750646
-1254.468231
-1257.083131
-1258.733794
-1261.407828
-1263.567825
-1264.886808
-1270.02963
-1274.627804
-1277.553035
-1281.435057
-1287.184863
-1291.588464
-1295.576065
-1302.534394
-1308.426719
-1313.943238
-1316.379844
-1319.073895
-1322.200933
-1328.318286
-1332.886585
-1336.266887
-1339.763859
-1343.543946
-1348.892467
-1353.462184
-1358.115704
-1362.277926
-1364.17279
-1364.921149
-1366.195949
-1368.696216
-1370.846973
-1371.738634
-1374.711456
-1375.277823
-1372.658413
-1373.856056
-1374.388937
-1375.210293
-1374.402384
-1375.078828
-1375.115273
-1373.753847
-1374.314838
-1375.710674
-1375.290095
-1376.106089
-1376.244299
-1376.090025
-1377.237118
-1377.678996
-1378.772674
-1377.302205
-1377.493833
-1380.714659
-1383.603872
-1386.624207
-1391.240146
-1398.402672
-1403.754818
-1409.010166
-1415.402224
-1420.460102
-1424.029052
-1430.329173
-1439.731022
-1448.529672
-1454.517682
-1462.584962
-1470.575064
-1479.821139
-1485.928028
-1492.601716
-1496.627376
-1504.417037
-1511.327406
-1514.593281
-1518.99931
-1521.874605
-1526.44198
-1527.237909
-1529.142515
-1531.160085
-1534.118374
-1535.731141
-1535.985339
-1534.710614
-1537.339529
-1541.872191
-1541.498784
-1543.009484
-1542.035428
-1541.820704
-1542.482987
-1545.860687
-1550.004188
-1552.004694
-1553.699494
-1555.748534
-1560.095751
-1565.234371
-1571.423165
-1577.731004
-1584.175108
-1586.262921
-1590.960259
-1598.878108
-1604.828602
-1610.857266
-1618.619369
-1625.666041
-1634.535443
-1643.492624
-1647.255632
-1653.026081
-1656.274198
-1662.282367
-1666.911415
-1672.130711
-1679.288949
-1687.939329
-1695.905868
-1700.016694
-1701.880208
-1708.038286
-1710.192826
-1711.679103
-1713.481555
-1714.934847
-1716.318716
-1715.899759
-1715.920926
-1716.197354
-1718.831073
-1721.523702
-1719.068592
-1717.801422
-1714.981035
-1717.518037
-1718.264735
-1720.886374
-1722.369217
-1720.578379
-1718.305843
-1721.997298
-1725.581496
-1729.88146
-1732.779343
-1732.793826
-1735.299368
-1739.28304
-1745.554248
-1749.857042
-1751.154593
-1751.526448
-1753.998929
-1752.538395
-1749.735981
-1756.195029
-1763.11543
-1763.949715
-1767.376555
-1771.198219
-1774.350265
-1779.82461
-1786.744076
-1788.367694
-1786.627309
-1783.921375
-1786.898466
-1792.963493
-1796.283168
-1797.889461
-1797.238731
-1796.875399
-1795.567372
-1796.537285
-1796.878252
-1798.322173
-1799.899672
-1805.268245
-1806.155898
-1809.321211
-1811.298026
-1815.103868
-1822.093059
-1826.675974
-1829.250377
-1832.915177
-1840.922661
-1847.949997
-1856.079228
-1862.308326
-1863.80795
-1865.54972
-1865.770004
-1870.096889
-1878.275423
-1885.012107
-1893.081958
-1899.834631
-1907.244468
-1919.061541
-1924.852323
-1928.253768
-1932.667441
-1934.410943
-1939.031321
-1939.708875
-1937.670527
-1936.740394
-1941.952476
-1945.279478
-1946.41551
-1949.48348
-1954.019034
-1958.649774
-1959.582197
-1957.625847
-1960.941959
-1959.306831
-1956.069359
-1955.834335
-1956.480812
-1956.303289
-1950.849803
-1940.204966
-1930.314356
-1925.635039
-1923.640417
-1916.731059
-1912.442059
-1910.862321
-1909.592487
-1911.666127
-1912.724874
-1918.467038
-1924.535058
-1929.459778
-1939.481816
-1950.877216
-1960.777196
-1966.950826
-1973.321016
-1979.361571
-1984.60782
-1990.239991
-1999.101201
-2007.748326
-2016.417927
-2032.581995
-2040.544023
-2050.509593
-2059.452511
-2069.661513
-2075.722444
-2084.124778
-2091.35282
-2103.503347
-2113.50071
-2119.031501
-2124.965396
-2132.597898
-2143.094989
-2143.94274
-2145.308095
-2154.255672
-2163.543907
-2166.02686
-2169.986181
-2171.276918
-2171.976852
-2165.822908
-2159.412842
-2157.746918
-2151.378415
-2139.606527
-2130.967651
-2124.908951
-2121.782219
-2117.727805
-2117.130263
-2116.614493
-2119.433513
-2124.643971
-2126.036415
-2129.765504
-2133.694116
-2137.621631
-2144.726396
-2150.625328
-2159.114703
-2168.153413
-2181.052877
-2196.217685
-2206.930462
-2216.104685
-2231.586055
-2245.550238
-2256.475304
-2265.93808
-2277.722624
-2289.876629
-2298.876412
-2305.639661
-2315.285163
-2325.922794
-2337.99305
-2347.653479
-2361.526149
-2368.479244
-2383.069351
-2395.320009
-2406.048173
-2416.963567
-2428.648851
-2440.564808
-2450.056959
-2455.172294
-2460.033595
-2468.242934
-2474.930606
-2476.089917
-2481.896148
-2486.52397
-2487.151906
-2483.706451









































































































































































































































































































































