263
-284.556525
-284.556525
-284.556525
-284.0142034
-282.0900197
-280.9075891
-280.0431344
-279.4253068
-278.8988756
-278.7338234
-279.0499351
-279.1335923
-279.557814
-280.1203676
-280.9638834
-281.5845283
-282.5093726
-283.4706944
-284.6019469
-285.8128784
-287.3004262
-288.8399553
-290.6682826
-292.4592982
-294.1757495
-296.0808172
-297.9471297
-299.7486289
-301.5561342
-303.3366998
-305.0137574
-306.6754571
-308.2842326
-309.8046135
-311.2638737
-312.7045054
-314.058957
-315.348977
-316.5748672
-317.7573676
-318.8994319
-319.9828759
-321.0290321
-322.0507249
-323.0143007
-323.924962
-324.7897055
-325.6735412
-326.5709146
-327.484829
-328.3539971
-329.2378267
-330.1398412
-331.2693288
-332.1952388
-333.1954466
-334.2280508
-335.2727652
-336.280567
-337.3265753
-338.4185193
-339.4973727
-340.518246
-341.5184492
-342.5391735
-343.6054338
-344.6755543
-345.7549388
-346.8614265
-348.0378258
-349.2446892
-350.435779
-351.7060559
-352.9920493
-354.2941706
-355.6113767
-356.9460879
-358.2936896
-359.6066631
-360.9580251
-362.2484653
-363.5088671
-364.7524019
-366.0059276
-367.2193369
-368.4563272
-369.6639951
-370.8268652
-371.9540133
-373.0679563
-374.1617749
-375.2206655
-376.2570607
-377.2807536
-378.3226601
-379.3490566
-380.3296885
-381.3106267
-382.2006613
-383.0713081
-383.9152238
-384.7437634
-385.5527198
-386.3369182
-387.1059327
-387.8550905
-388.5899363
-389.2963338
-389.9935903
-390.7069947
-391.4264825
-392.1348108
-392.8480638
-393.5799335
-394.3115627
-395.0577365
-395.8368311
-396.6476577
-397.4664342
-398.3025077
-399.1469579
-400.0258726
-400.9375163
-401.8748783
-402.8450624
-403.816943
-404.7950185
-405.8446016
-406.9204106
-408.0040653
-409.119067
-410.2768147
-411.4851659
-412.6979786
-413.9573831
-415.262073
-416.6236712
-417.9939045
-419.4333941
-420.8728655
-422.3447045
-423.8327438
-425.3626282
-426.8830068
-428.4530223
-429.9697124
-431.5396534
-433.1290966
-434.6970485
-436.2768338
-437.8463538
-439.3894869
-440.937305
-442.485123
-444.0329411
-445.6109342
-447.1854822
-448.7790784
-450.4070084
-452.0230472
-453.6482665
-455.2391437
-456.8754223
-458.5387857
-460.1808488
-461.8430871
-463.4933305
-465.0552097
-466.6557306
-468.2927776
-469.9365269
-471.5560741
-473.1227637
-474.690233
-476.308055
-477.9169311
-479.4450397
-480.9551838
-482.4901031
-484.0452959
-485.5221785
-487.0158621
-488.5052244
-490.0453556
-491.5319626
-492.9841489
-494.3916725
-495.7981007
-497.1849914
-498.6126658
-499.9772277
-501.3193915
-502.6353297
-503.9912719
-505.3062542
-506.6137186
-507.8908125
-509.1092413
-510.36718
-511.5633574
-512.7376147
-513.8565531
-514.9113849
-516.0585024
-517.0747083
-518.0482553
-518.9903043
-519.8858539
-520.7387803
-521.6449122
-522.4998055
-523.3338016
-524.2133161
-525.1056627
-526.0158412
-526.7564988
-527.6022716
-528.5002168
-529.4307039
-530.3034785
-531.1216206
-531.9814845
-532.8843448
-533.8399838
-534.6225853
-535.4185677
-536.3884288
-537.3641653
-538.3209113
-539.3463104
-540.2191272
-541.1270702
-542.1138696
-543.0559645
-544.1393111
-545.1212675
-546.0519659
-547.0327747
-547.9919789
-549.0419208
-550.1612874
-551.2535108
-552.4116148
-553.7179013
-555.1602042
-556.4629707
-557.7224069
-558.9172549
-560.3431101
-561.7105202
-563.0168365
-564.5256052
-566.180534
-567.6248504
-569.0286798
-570.4420522
-571.9255388
-573.391434
-574.6607645
-576.0832798
-577.8002477
-579.3928306
-580.8343644
-582.4084198
-583.7701974
-585.0788156
-586.4466713
-587.9204716
-589.4892577
-591.0047741
-592.5047917
-593.935722
-595.5562618
-597.3569635
-599.2654262
-600.708511
-602.3780242
-604.053
-605.6463634
-607.2287978
-608.7360937
-610.1780333
-611.6037619
-613.0094259
-614.2702389
-615.6582684
-616.765482
-617.9409499
-619.1819508
-620.4456244
-621.7754723
-623.2383709
-624.3611836
-625.3595647
-626.3888873
-627.6457656
-628.7763569
-629.7587644
-630.8642933
-631.8919464
-632.6805717
-633.5484235
-634.1914485
-634.9898468
-635.7358401
-636.4078854
-637.1196336
-637.7526365
-638.3507291
-638.9354605
-639.3643341
-639.7524461
-640.3156943
-641.2611395
-642.4796297
-643.2562365
-643.7853656
-644.6679193
-645.5009657
-646.0035783
-646.5555021
-647.2188716
-647.6814762
-648.3795319
-649.2540303
-650.141036
-650.9686996
-651.7651606
-652.7497868
-653.9759403
-655.215087
-656.6773932
-658.1692355
-659.8041434
-661.1606515
-662.4763856
-663.9352465
-665.3740331
-666.8230105
-668.1128874
-669.4995365
-670.7308789
-671.6792892
-672.8742194
-674.0158167
-675.4531721
-676.7591942
-677.8271197
-678.8284694
-680.1712498
-681.5637613
-683.2735955
-685.0935328
-686.451539
-687.9350038
-689.3721825
-690.9085811
-692.2119098
-693.5961326
-695.0151429
-696.2196119
-697.7679081
-699.1404445
-700.6954583
-702.056992
-703.5285547
-704.6810339
-705.8726752
-706.6997662
-707.9058845
-709.2235458
-710.6777268
-711.8200062
-712.7472625
-713.9426357
-715.3534096
-717.0155479
-718.5676155
-720.129708
-721.9564977
-723.3634926
-724.7341141
-726.019801
-727.1201718
-728.3673239
-730.2008872
-732.2813305
-734.1848561
-735.8413763
-737.2944699
-738.9639134
-740.4918238
-741.8232919
-744.0060375
-746.0636036
-747.7314929
-749.6143912
-751.92205
-753.9342567
-755.7852025
-758.3031549
-760.6073715
-762.8071702
-764.2201118
-765.6673864
-767.2177146
-769.5030173
-771.4373319
-773.0600688
-774.6150819
-776.253728
-778.2474886
-780.0802053
-781.9033615
-783.6435757
-784.8016291
-785.6552304
-786.6494411
-787.9868352
-789.2332292
-790.2159552
-791.7455176
-792.6784525
-792.8476169
-793.9761096
-794.9653867
-796.0276015
-796.7101776
-797.7725832
-798.6359644
-799.1280645
-800.1407585
-801.3698989
-802.1673901
-803.2614562
-804.1701173
-805.0157593
-806.1881023
-807.197555
-808.3381366
-808.7758211
-809.664595
-811.3489676
-812.9388196
-814.5478465
-816.5650585
-819.2913142
-821.5177266
-823.7181476
-826.1958383
-828.3689357
-830.1220966
-832.5590386
-835.8392716
-838.9257729
-841.212537
-844.0311897
-846.847114
-850.0183019
-852.3396751
-854.7946137
-856.5264011
-859.3328514
-861.863108
-863.3599267
-865.1746814
-866.5584637
-868.4017046
-869.1970749
-870.3025321
-871.4459549
-872.8208131
-873.875399
-874.5371074
-874.7785198
-876.0666467
-877.8972211
-878.4002007
-879.4439182
-879.8025687
-880.3535654
-881.1866604
-882.7877608
-884.609513
-885.831243
-886.9784376
-888.2210423
-890.1701775
-892.3480627
-894.8312655
-897.3430897
-899.9157595
-901.2089208
-903.2587778
-906.2419882
-908.661508
-911.1531985
-914.2434155
-917.1569738
-920.5787744
-924.0825563
-926.0045894
-928.4538127
-930.1868075
-932.7424397
-934.8886778
-937.2267692
-940.2225355
-943.7037289
-947.0678471
-949.2306388
-950.6932441
-953.3955971
-954.9466781
-956.265809
-957.6926028
-959.0015482
-960.3291698
-961.1309187
-962.1260405
-963.1826382
-964.9140338
-966.6810477
-966.9721219
-967.544634
-967.6729199
-969.3890242
-970.5930827
-972.4041688
-973.864595
-974.3129778
-974.6247823
-976.8411271
-979.1085591
-981.6360617
-983.7145724
-984.8747951
-986.813854
-989.2227375
-992.301069
-994.8442359
-996.4537939
-997.7275217
-999.6163659
-1000.335842
-1000.634894
-1003.790838
-1007.068639
-1008.442865
-1010.682809
-1013.064996
-1015.219527
-1018.120171
-1021.3777
-1022.951736
-1023.478793
-1023.745629
-1025.731046
-1028.726732
-1030.862865
-1032.487619
-1033.382253
-1034.413567
-1035.172645
-1036.661722
-1037.955949
-1039.628918
-1041.31369
-1044.191206
-1045.590071
-1047.729204
-1049.489751
-1051.840859
-1055.26244
-1057.885217
-1059.882414
-1062.270575
-1066.112777
-1069.588622
-1073.4431
-1076.538914
-1078.116722
-1079.708678
-1080.728908
-1083.068886
-1086.657124
-1089.745566
-1093.286289
-1096.363161
-1099.580558
-1104.319652
-1107.091902
-1108.994104
-1111.28897
-1112.685239
-1115.050324
-1116.102625
-1116.233082
-1116.727579
-1119.31731
-1121.41346
-1122.900137
-1125.008428
-1127.626989
-1130.294666
-1131.686098
-1132.094583
-1134.297367
-1134.736681
-1134.607645
-1135.47682
-1136.668022
-1137.61985
-1136.657472
-1133.941417
-1131.433746
-1130.65798
-1130.854354
-1129.255814
-1128.491549
-1128.639244
-1128.859197
-1130.19799
-1131.145379
-1133.74429
-1136.444603
-1138.675326
-1142.656906
-1147.082921
-1150.962146
-1153.510766
-1156.081188
-1158.587866
-1160.757895
-1163.044219
-1166.455833
-1169.841881
-1173.20796
-1179.232264
-1182.34678
-1186.147217
-1189.439139
-1193.251034
-1195.656146
-1198.879434
-1201.600495
-1206.11188
-1209.839412
-1212.025101
-1214.36448
-1217.31182
-1221.323238
-1221.900683
-1222.680412
-1226.192526
-1229.920679
-1231.26534
-1233.162347
-1234.128651
-1234.865932
-1233.230562
-1231.593494
-1231.696676
-1230.164427
-1226.700255
-1224.361619
-1222.963713
-1222.723807
-1222.057233
-1222.688145
-1223.350076
-1225.241847
-1227.990684
-1229.32029
-1231.40809
-1233.695349
-1236.104907
-1239.798224
-1243.37393
-1247.864074
-1252.540326
-1258.720105
-1265.749402
-1271.271359
-1276.194815
-1283.54496
-1290.281384
-1296.018052
-1301.136677
-1307.154986
-1313.325469
-1318.293261
-1322.423895
-1327.438795
-1332.91252
-1338.856991
-1343.96099
-1350.485681
-1354.427156
-1361.169105
-1367.001062
-1372.212731
-1377.542969
-1383.157648
-1388.843526
-1393.689726
-1396.951255
-1400.110783
-1404.570046
-1408.51249
-1410.344093
-1413.857739
-1416.879907
-1418.280055
-1418.187366









































































































































































































































































































































