0
489.7070275
486.5271118
483.347196
480.1672802
476.9873644
473.8074486
470.6275329
468.5075891
466.3876452
464.2677014
457.9078698
455.787926
453.6679821
451.5480383
448.3681225
445.1882068
445.1882068
445.1882068
442.0082911
438.8283753
435.6484595
432.4685437
426.1087122
419.7488807
416.568965
413.3890492
410.2091334
407.0292176
403.8493018
400.6693861
397.4894704
394.3095546
391.1296389
387.9497231
384.7698073
381.5898915
378.4099758
375.23006
372.0501443
368.8702285
366.7502847
364.6303408
362.510397
359.3304812
356.1505654
352.9706497
349.7907339
343.4309024
337.0710709
337.0710709
337.0710709
333.8911551
330.7112393
327.5313236
324.3514078
317.9915763
311.6317448
308.451829
305.2719132
302.0919975
298.9120817
292.5522501
286.1924186
286.1924186
286.1924186
283.0125029
279.8325871
276.6526714
273.4727556
270.2928399
267.1129241
264.9929802
262.8730364
260.7530925
254.393261
248.0334295
244.8535138
241.673598
235.3137665
228.9539349
225.7740192
222.5941034
216.2342719
209.8744403
206.6945245
203.5146088
197.1547773
190.7949458
184.4351143
178.0752827
174.8953669
171.7154512
165.3556197
158.9957881
158.9957881
158.9957881
158.9957881
158.9957881
155.8158724
152.6359566
150.5160128
148.3960689
146.2761251
143.0962093
139.9162936
133.5564621
127.1966305
120.836799
114.4769674
171.7154512
228.9539349
225.7740192
222.5941034
216.2342719
209.8744403
206.6945245
203.5146088
197.1547773
190.7949458
184.4351143
178.0752827
174.8953669
171.7154512
165.3556197
158.9957881
158.9957881
158.9957881
158.9957881
158.9957881
155.8158724
152.6359566
150.5160128
148.3960689
146.2761251
143.0962093
139.9162936
133.5564621
127.1966305
120.836799
114.4769674
108.1171359
101.7573044
98.57738864
95.39747287
92.21755711
89.03764135
85.85772559
82.67780982
76.31797829
69.95814677
63.59831524
57.23848371
50.87865219
44.51882066
44.51882066
44.51882066
41.3389049
38.15898914
38.15898914
38.15898914
38.15898914
34.97907338
31.79915761
31.79915761
31.79915761
28.61924185
25.43932609
22.25941033
19.07949456
15.8995788
12.71966303
6.359831506
-1.86E-08
-6.359831544
-12.71966307
-19.0794946
-25.43932612
-28.61924189
-31.79915765
-34.97907341
-38.15898917
-44.5188207
-50.87865223
-54.05856799
-57.23848375
-63.59831528
-69.95814681
-69.95814681
-69.95814681
-72.07809065
-74.19803449
-76.31797833
-79.49789409
-82.67780986
-82.67780986
-82.67780986
-85.85772563
-89.03764139
-95.39747289
-101.7573044
-104.9372202
-108.117136
-114.4769675
-120.836799
-124.0167148
-127.1966305
-130.3765463
-133.5564621
-136.7363779
-139.9162936
-143.0962093
-146.2761251
-149.4560409
-152.6359566
-155.8158724
-158.9957882
-165.3556197
-171.7154512
-173.835395
-175.9553389
-178.0752827
-181.2551985
-184.4351143
-184.4351143
-184.4351143
-187.6150301
-190.7949458
-193.9748616
-197.1547773
-203.5146089
-209.8744404
-209.8744404
-209.8744404
-213.0543562
-216.2342719
-219.4141877
-222.5941034
-228.953935
-235.3137665
-238.4936823
-241.673598
-244.8535138
-248.0334295
-251.2133453
-254.3932611
-257.5731769
-260.7530926
-264.9929803
-269.2328679
-273.4727556
-276.6526714
-279.8325872
-286.1924187
-292.5522502
-295.7321659
-298.9120817
-302.0919975
-305.2719133
-305.2719133
-305.2719133
-311.6317448
-317.9915763
-317.9915763
-317.9915763
-321.1714921
-324.3514078
-327.5313236
-330.7112394
-333.8911552
-337.0710709
-343.4309024
-349.790734
-352.9706498
-356.1505655
-365.6903128
-375.2300601
-377.3500039
-379.4699478
-381.5898916
-384.7698074
-387.9497231
-391.1296389
-394.3095546
-397.4894704
-400.6693862
-403.849302
-407.0292177
-410.2091334
-413.3890492
-413.3890492
-413.3890492
-416.568965
-419.7488807
-426.1087123
-432.4685438
-435.6484596
-438.8283753
-442.0082911
-445.1882068
-448.3681226
-451.5480384
-457.9078699
-464.2677014
-467.4476172
-470.6275329
-473.8074487
-476.9873645
-481.2272522
-485.4671398
-489.7070275
-492.8869433
-496.066859
-499.2467748
-502.4266906
-505.6066064
-508.7865221
-511.9664379
-515.1463536
-518.3262694
-521.5061851
-521.5061851
-521.5061851
-524.6861009
-527.8660167
-531.0459325
-534.2258482
-534.2258482
-534.2258482
-537.4057639
-540.5856797
-540.5856797
-540.5856797
-546.9455113
-553.3053428
-553.3053428
-553.3053428
-555.4252866
-557.5452305
-559.6651743
-562.8450901
-566.0250058
-569.2049216
-572.3848374
-575.5647532
-578.7446689
-578.7446689
-578.7446689
-581.9245847
-585.1045004
-591.464332
-597.8241635
-604.183995
-610.5438265
-613.7237423
-616.903658
-620.0835738
-623.2634896
-626.4434053
-629.6233211
-632.8032369
-635.9831526
-639.1630684
-642.3429841
-645.5228999
-648.7028157
-650.8227595
-652.9427034
-655.0626472
-658.242563
-661.4224787
-664.6023945
-667.7823102
-674.1421418
-680.5019733
-683.6818891
-686.8618048
-690.0417206
-693.2216363
-696.4015521
-699.5814679
-702.7613837
-705.9412994
-712.3011309
-718.6609624
-721.8408782
-725.020794
-731.3806255
-737.740457
-740.9203728
-744.1002886
-747.2802044
-750.4601201
-756.8199516
-763.1797831
-763.1797831
-763.1797831
-763.1797831
-769.5396147
-775.8994462
-775.8994462
-775.8994462
-779.079362
-782.2592777
-785.4391935
-788.6191092
-794.9789408
-801.3387723
-801.3387723
-801.3387723
-804.5186881
-807.6986038
-810.8785196
-814.0584353
-817.2383511
-820.4182669
-823.5981827
-826.7780984
-829.9580142
-833.1379299
-839.4977615
-845.857593
-849.0375087
-852.2174245
-854.3373683
-856.4573122
-858.577256
-861.7571718
-864.9370875
-871.2969191
-877.6567506
-877.6567506
-877.6567506
-880.8366664
-884.0165821
-887.1964979
-890.3764137
-896.7362452
-903.0960767
-906.2759925
-909.4559082
-912.635824
-915.8157398
-918.9956556
-922.1755713
-922.1755713
-922.1755713
-928.5354028
-934.8952343
-938.0751501
-941.2550659
-944.4349817
-947.6148974
-947.6148974
-947.6148974
-947.6148974
-950.7948132
-953.9747289
-960.3345605
-966.694392
-969.8743078
-973.0542235
-973.0542235
-973.0542235
-976.2341393
-979.414055
-982.5939707
-985.7738865
-988.9538023
-992.1337181
-995.3136339
-998.4935496
-1001.673465
-1004.853381
-1011.213213
-1017.573044
-1020.75296
-1023.932876
-1027.112792
-1030.292707
-1036.652539
-1043.01237
-1045.132314
-1047.252258
-1049.372202
-1055.732034
-1062.091865
-1065.271781
-1068.451696
-1074.811528
-1081.171359
-1084.351275
-1087.531191
-1093.891023
-1100.250854
-1103.43077
-1106.610686
-1109.790601
-1112.970517
-1116.150433
-1119.330349
-1122.510265
-1125.69018
-1132.050012
-1138.409843
-1141.589759
-1144.769675
-1147.94959
-1151.129506
-1154.309422
-1157.489338
-1159.609282
-1161.729225
-1163.849169
-1167.029085
-1170.209001
-1176.568833
-1182.928664
-1186.10858
-1189.288495
-1195.648327
-1202.008158
-1205.188074
-1208.36799
-1211.547906
-1214.727821
-1217.907737
-1221.087653
-1224.267569
-1227.447485
-1230.627401
-1233.807316
-1236.987232
-1240.167148
-1243.347063
-1246.526979
-1249.706895
-1252.886811
-1256.066727
-1259.246642
-1261.366586
-1263.48653
-1265.606474
-1268.78639
-1271.966305
-1271.966305
-1271.966305
-1275.146221
-1278.326137
-1281.506053
-1284.685968
-1287.865884
-1291.0458
-1294.225716
-1297.405631
-1297.405631
-1297.405631
-1303.765463
-1310.125294
-1313.30521
-1316.485126
-1319.665042
-1322.844957
-1326.024873
-1329.204789
-1332.384705
-1335.56462
-1341.924452
-1348.284284
-1350.404228
-1352.524171
-1354.644115
-1357.824031
-1361.003947
-1364.183863
-1367.363778
-1370.543694
-1373.72361
-1376.903526
-1380.083441
-1383.263357
-1386.443273
-1386.443273
-1386.443273
-1389.623189
-1392.803104
-1395.98302
-1399.162936
-1402.342852
-1405.522767
-1408.702683
-1411.882599
-1415.062515
-1418.24243
-1421.422346
-1424.602262
-1427.782178
-1430.962093
-1433.082037
-1435.201981
-1437.321925
-1440.501841
-1443.681756
-1446.861672
-1450.041588
-1453.221504
-1456.401419
-1459.581335
-1462.761251
-1469.121082
-1475.480914
-1478.66083
-1481.840746
-1485.020662
-1488.200577
-1491.380493
-1494.560409
-1497.740325
-1500.92024
-1507.280071
-1513.639903
-1516.819819
-1519.999735
-1523.179651
-1526.359566
-1529.539482
-1532.719398
-1532.719398
-1532.719398
-1532.719398
-1535.899314
-1539.079229
-1542.259145
-1545.439061
-1551.798893
-1558.158724
-1558.158724
-1558.158724
-1561.33864
-1564.518555
-1567.698471
-1570.878387
-1577.238219
-1583.59805
-1586.777966
-1589.957882
-1593.137798
-1596.317713
-1602.677544
-1609.037376
-1612.217292
-1615.397208
-1618.577124
-1621.757039
-1624.936955
-1628.116871
-1630.236815
-1632.356758
-1634.476702
-1637.656618
-1640.836534
-1644.01645
-1647.196365
-1650.376281
-1653.556197
-1656.736113
-1659.916028
-1663.095944
-1666.27586
-1669.455776
-1672.635691
-1675.815607
-1678.995523
-1682.175439
-1685.355354
-1688.53527
-1691.715186
-1691.715186
-1691.715186
-1698.075017
-1704.434849
-1707.614765
-1710.794681
-1717.154513
-1723.514344
-1725.634288
-1727.754231
-1729.874175
-1733.054091
-1736.234007
-1739.413923
-1742.593838
-1745.773754
-1748.95367
-1752.133586
-1755.313501
-1755.313501
-1755.313501
-1758.493417
-1761.673333
-1764.853249
-1768.033164
-1768.033164
-1768.033164
-1771.21308
-1774.392996
-1777.572912
-1780.752827
-1783.932743
-1787.112659
-1790.292575
-1793.47249
-1793.47249
-1793.47249
-1799.832322
-1806.192153
-1808.312097
-1810.432041
-1812.551985
-1815.731901
-1818.911816
-1822.091732
-1825.271648
-1828.451563
-1831.631479
-1831.631479
-1831.631479
-1834.811395
-1837.991311
-1841.171227
-1844.351143
-1850.710975
-1857.070806
-1860.250722
-1863.430637
-1863.430637
-1863.430637
-1869.790468
-1876.1503
-1876.1503
-1876.1503
-1879.330216
-1882.510132
-1884.630076
-1886.750019
-1888.869963
-1892.049879
-1895.229795
-1898.409711
-1901.589626
-1904.769542
-1907.949458
-1911.129374
-1914.309289
-1917.489205
-1920.669121
-1923.849036
-1927.028952
-1930.208868
-1933.388784
-1936.5687
-1939.748615
-1942.928531
-1946.108447
-1949.288363
-1952.468278
-1955.648194
-1958.82811
-1962.008026
-1965.187942
-1965.187942
-1965.187942
-1967.307886
-1969.427829
-1971.547773
-1974.727689
-1977.907605
-1977.907605
-1977.907605
-1984.267437
-1990.627268
-1993.807184
-1996.987099
-2000.167015
-2003.346931
-2009.706763
-2016.066594
-2019.24651
-2022.426425
-2025.606341
-2028.786257
-2031.966173
-2035.146088
-2038.326004
-2041.50592
-2044.685836
-2047.865751
-2051.045667
-2054.225583
-2057.405499
-2060.585414
-2062.705358
-2064.825302
-2066.945246
-2070.125162
-2073.305077
-2076.484993
-2079.664909
-2082.844825
-2086.024741
-2089.204657
-2092.384572
-2095.564488
-2098.744404
-2105.104236
-2111.464067
-2114.643982
-2117.823898
-2121.003814
-2124.18373
-2127.363646
-2130.543561
-2133.723477
-2136.903393
-2140.083309
-2143.263224
-2146.44314
-2149.623056
-2152.802972
-2155.982887
-2158.102831
-2160.222775
-2162.342719
-2165.522635
-2168.70255
-2171.882466
-2175.062382
-2178.242298
-2181.422213
-2184.602129
-2187.782045
-2190.961961
-2194.141876
-2200.501708
-2206.86154
-2210.041455
-2213.221371
-2216.401287
-2219.581203
-2222.761119
-2225.941034
-2229.12095
-2232.300866
-2235.480782
-2238.660697
-2238.660697
-2238.660697
-2241.840613
-2245.020529
-2247.140473
-2249.260416
-2251.38036
-2254.560276
-2257.740192
-2257.740192
-2257.740192
-2260.920108
-2264.100023
-2267.279939
-2270.459855
-2270.459855
-2270.459855
-2273.639771
-2276.819686
-2279.999602
-2283.179518
-2286.359434
-2289.539349
-2292.719265
-2295.899181
-2299.079097
-2302.259012
-2305.438928
-2308.618844
-2311.79876
-2314.978675
-2318.158591
-2321.338507
-2321.338507
-2321.338507
-2321.338507
-2324.518423
-2327.698339
-2330.878255
-2334.05817
-2337.238086
-2340.418002
-2343.597918
-2346.777833
-2349.957749
-2353.137665
-2356.317581
-2359.497496
-2362.677412
-2365.857328
-2369.037244
-2372.217159
-2375.397075
-2378.576991
-2378.576991
-2378.576991
-2381.756907
-2384.936822
-2391.296654
-2397.656485
-2399.776429
-2401.896373
-2404.016317
-2407.196233
-2410.376148
-2413.556064
-2416.73598
-2419.915896
-2423.095811
-2429.455643
-2435.815474
-2442.175306
-2448.535138
-2451.715054
-2454.894969
-2461.254801
-2467.614632
-2473.974463
-2480.334295
-2483.514211
-2486.694127
-2493.053959
-2499.41379
-2502.593706
-2505.773621
-2508.953537
-2512.133453
-2515.313369
-2518.493284
-2520.613228
-2522.733172
-2524.853116
-2528.033032
-2531.212947
-2534.392863
-2537.572779
-2537.572779
-2537.572779
-2540.752695
-2543.93261
-2547.112526
-2550.292442
-2553.472358
-2556.652273
-2559.832189
-2563.012105
-2563.012105
-2563.012105
-2566.192021
-2569.371937
-2575.731769
-2582.0916
-2585.271516
-2588.451431
-2594.811263
-2601.171094
-2603.291038
-2605.410982
-2607.530926
-2610.710842
-2613.890757
-2617.070673
-2620.250589
-2623.430505
-2626.61042
-2629.790336
-2632.970252
-2639.330084
-2645.689915
-2648.869831
-2652.049746
-2655.229662
-2658.409578
-2661.589493
-2664.769409
-2667.949325
-2671.129241
-2674.309157
-2677.489072
-2680.668988
-2683.848904
-2687.02882
-2690.208735
-2693.388651
-2696.568567
-2698.688511
-2700.808455
-2702.928399
-2706.108315
-2709.28823
-2712.468146
-2715.648062
-2718.827978
-2722.007893
-2725.187809
-2728.367725
-2731.547641
-2734.727556
-2737.907472
-2741.087388
-2744.267304
-2747.447219
-2750.627135
-2753.807051
-2760.166882
-2766.526714
-2769.70663
-2772.886545
-2776.066461
-2779.246377
-2785.606209
-2791.96604
-2795.145956
-2798.325871
-2800.445815
-2802.565759
-2804.685703
-2811.045535
-2817.405366
-2820.585282
-2823.765198
-2830.12503
-2836.484861
-2839.664777
-2842.844692
-2846.024608
-2849.204524
-2852.38444
-2855.564355
-2861.924187
-2868.284018
-2868.284018
-2868.284018
-2871.463934
-2874.64385
-2877.823766
-2881.003681
-2884.183597
-2887.363513
-2890.543429
-2893.723344
-2896.90326
-2900.083176
-2904.323064
-2908.562951
-2912.802839
-2915.982755
-2919.16267
-2922.342586
-2925.522502
-2928.702417
-2931.882333
-2935.062249
-2938.242165
-2944.601997
-2950.961828
-2954.141744
-2957.32166
-2960.501576
-2963.681491
-2966.861407
-2970.041323
-2973.221239
-2976.401154
-2979.58107
-2982.760986
-2985.940902
-2989.120817
-2992.300733
-2995.480649
-2998.660565