0
-159.7254943
-159.7254943
-159.7254943
-162.4793822
-165.23327
-165.23327
-165.23327
-165.23327
-165.23327
-165.23327
-165.23327
-167.0691952
-168.9051204
-170.7410456
-170.7410456
-170.7410456
-170.7410456
-170.7410456
-173.4949335
-176.2488213
-176.2488213
-176.2488213
-176.2488213
-176.2488213
-176.2488213
-176.2488213
-179.0027091
-181.7565969
-181.7565969
-181.7565969
-181.7565969
-181.7565969
-181.7565969
-181.7565969
-184.5104848
-187.2643726
-187.2643726
-187.2643726
-187.2643726
-187.2643726
-187.2643726
-187.2643726
-187.2643726
-190.0182605
-192.7721483
-192.7721483
-192.7721483
-187.2643726
-181.7565969
-181.7565969
-181.7565969
-184.5104848
-187.2643726
-187.2643726
-187.2643726
-187.2643726
-187.2643726
-187.2643726
-187.2643726
-190.0182605
-192.7721483
-192.7721483
-192.7721483
-192.7721483
-192.7721483
-192.7721483
-192.7721483
-192.7721483
-192.7721483
-192.7721483
-192.7721483
-194.6080735
-196.4439987
-198.2799239
-198.2799239
-198.2799239
-198.2799239
-198.2799239
-198.2799239
-198.2799239
-201.0338117
-203.7876996
-203.7876996
-203.7876996
-203.7876996
-203.7876996
-203.7876996
-203.7876996
-203.7876996
-203.7876996
-206.5415875
-209.2954753
-209.2954753
-209.2954753
-209.2954753
-209.2954753
-209.2954753
-209.2954753
-209.2954753
-209.2954753
-209.2954753
-209.2954753
-209.2954753
-209.2954753
-209.2954753
-212.0493631
-214.8032509
-217.5571387
-220.3110266
-209.2954752
-198.2799239
-201.0338117
-203.7876996
-203.7876996
-203.7876996
-203.7876996
-203.7876996
-203.7876996
-203.7876996
-203.7876996
-203.7876996
-206.5415875
-209.2954753
-209.2954753
-209.2954753
-209.2954753
-209.2954753
-209.2954753
-209.2954753
-209.2954753
-209.2954753
-209.2954753
-209.2954753
-209.2954753
-209.2954753
-209.2954753
-212.0493631
-214.8032509
-217.5571387
-220.3110266
-220.3110266
-220.3110266
-220.3110266
-220.3110266
-223.0649145
-225.8188023
-225.8188023
-225.8188023
-228.5726901
-231.3265779
-234.0804657
-236.8343536
-236.8343536
-236.8343536
-236.8343536
-236.8343536
-239.5882415
-242.3421293
-242.3421293
-242.3421293
-242.3421293
-242.3421293
-242.3421293
-242.3421293
-242.3421293
-245.0960171
-247.8499049
-247.8499049
-247.8499049
-247.8499049
-247.8499049
-253.3576806
-258.8654563
-258.8654563
-258.8654563
-261.6193441
-264.3732319
-267.1271198
-269.8810076
-272.6348955
-275.3887833
-275.3887833
-275.3887833
-278.1426711
-280.8965589
-280.8965589
-280.8965589
-280.8965589
-280.8965589
-282.7324841
-284.5684094
-286.4043346
-286.4043346
-286.4043346
-286.4043346
-286.4043346
-289.1582225
-291.9121103
-291.9121103
-291.9121103
-294.6659981
-297.4198859
-297.4198859
-297.4198859
-300.1737738
-302.9276616
-302.9276616
-302.9276616
-305.6815494
-308.4354372
-308.4354372
-308.4354372
-311.1893251
-313.9432129
-313.9432129
-313.9432129
-316.6971008
-319.4509886
-319.4509886
-319.4509886
-319.4509886
-322.2048764
-324.9587642
-324.9587642
-324.9587642
-324.9587642
-324.9587642
-327.7126521
-330.4665399
-333.2204278
-335.9743156
-335.9743156
-335.9743156
-338.7282034
-341.4820912
-341.4820912
-341.4820912
-344.235979
-346.9898669
-346.9898669
-346.9898669
-349.7437548
-352.4976426
-352.4976426
-352.4976426
-355.2515304
-358.0054182
-358.0054182
-358.0054182
-358.0054182
-360.759306
-363.5131939
-363.5131939
-363.5131939
-366.2670818
-369.0209696
-369.0209696
-369.0209696
-369.0209696
-369.0209696
-371.7748574
-374.5287452
-374.5287452
-374.5287452
-377.2826331
-380.0365209
-380.0365209
-380.0365209
-380.0365209
-380.0365209
-382.7904088
-385.5442966
-388.2981844
-391.0520722
-391.0520722
-391.0520722
-392.8879974
-394.7239227
-396.5598479
-396.5598479
-396.5598479
-396.5598479
-396.5598479
-399.3137358
-402.0676236
-402.0676236
-402.0676236
-402.0676236
-402.0676236
-402.0676236
-402.0676236
-402.0676236
-402.0676236
-404.8215114
-407.5753992
-407.5753992
-407.5753992
-410.3292871
-413.0831749
-415.8370628
-418.5909506
-418.5909506
-418.5909506
-421.3448384
-424.0987262
-426.8526141
-429.6065019
-431.4424271
-433.2783524
-435.1142776
-437.8681654
-440.6220532
-440.6220532
-440.6220532
-443.3759411
-446.1298289
-446.1298289
-446.1298289
-448.8837167
-451.6376045
-451.6376045
-451.6376045
-454.3914924
-457.1453802
-457.1453802
-457.1453802
-457.1453802
-457.1453802
-459.8992681
-462.6531559
-462.6531559
-462.6531559
-465.4070437
-468.1609315
-468.1609315
-468.1609315
-468.1609315
-468.1609315
-468.1609315
-470.9148194
-473.6687072
-476.4225951
-479.1764829
-479.1764829
-479.1764829
-481.9303707
-484.6842585
-484.6842585
-484.6842585
-487.4381464
-490.1920342
-492.9459221
-495.6998099
-498.4536977
-501.2075855
-501.2075855
-501.2075855
-503.9614734
-506.7153612
-509.4692491
-512.2231369
-512.2231369
-512.2231369
-514.9770247
-517.7309125
-517.7309125
-517.7309125
-517.7309125
-520.4848004
-523.2386882
-523.2386882
-523.2386882
-523.2386882
-523.2386882
-525.9925761
-528.7464639
-528.7464639
-528.7464639
-528.7464639
-528.7464639
-531.5003517
-534.2542395
-534.2542395
-534.2542395
-537.0081274
-539.7620152
-539.7620152
-539.7620152
-542.515903
-545.2697909
-545.2697909
-545.2697909
-545.2697909
-545.2697909
-545.2697909
-545.2697909
-545.2697909
-548.0236787
-550.7775665
-550.7775665
-550.7775665
-550.7775665
-550.7775665
-550.7775665
-550.7775665
-553.5314544
-556.2853422
-556.2853422
-556.2853422
-559.0392301
-561.7931179
-561.7931179
-561.7931179
-564.5470057
-567.3008935
-567.3008935
-567.3008935
-567.3008935
-567.3008935
-570.0547814
-572.8086692
-575.562557
-578.3164448
-580.15237
-581.9882953
-583.8242205
-586.5781084
-589.3319962
-592.085884
-594.8397718
-594.8397718
-594.8397718
-597.5936597
-600.3475475
-603.1014354
-605.8553232
-608.609211
-611.3630988
-611.3630988
-611.3630988
-614.1169867
-616.8708745
-616.8708745
-616.8708745
-619.6247624
-622.3786502
-622.3786502
-622.3786502
-622.3786502
-622.3786502
-622.3786502
-622.3786502
-622.3786502
-622.3786502
-622.3786502
-625.132538
-627.8864258
-627.8864258
-627.8864258
-627.8864258
-627.8864258
-630.6403137
-633.3942015
-633.3942015
-633.3942015
-633.3942015
-633.3942015
-636.1480894
-638.9019772
-638.9019772
-638.9019772
-641.655865
-644.4097528
-644.4097528
-644.4097528
-644.4097528
-644.4097528
-647.1636406
-649.9175285
-649.9175285
-649.9175285
-649.9175285
-649.9175285
-649.9175285
-649.9175285
-649.9175285
-649.9175285
-649.9175285
-652.6714164
-655.4253042
-655.4253042
-655.4253042
-658.179192
-660.9330798
-660.9330798
-660.9330798
-660.9330798
-660.9330798
-660.9330798
-660.9330798
-663.6869677
-666.4408555
-666.4408555
-666.4408555
-669.1947434
-671.9486312
-671.9486312
-671.9486312
-671.9486312
-671.9486312
-673.7845564
-675.6204816
-677.4564068
-677.4564068
-677.4564068
-680.2102946
-682.9641825
-682.9641825
-682.9641825
-682.9641825
-682.9641825
-685.7180704
-688.4719582
-688.4719582
-688.4719582
-691.225846
-693.9797338
-693.9797338
-693.9797338
-696.7336217
-699.4875095
-699.4875095
-699.4875095
-702.2413973
-704.9952851
-704.9952851
-704.9952851
-707.749173
-710.5030608
-710.5030608
-710.5030608
-710.5030608
-713.2569486
-716.0108365
-716.0108365
-716.0108365
-718.7647243
-721.5186121
-721.5186121
-721.5186121
-724.2725
-727.0263878
-727.0263878
-727.0263878
-729.7802757
-732.5341635
-732.5341635
-732.5341635
-735.2880513
-738.0419391
-740.795827
-743.5497148
-746.3036026
-749.0574905
-751.8113783
-754.5652661
-754.5652661
-754.5652661
-756.4011913
-758.2371166
-760.0730418
-762.8269297
-765.5808175
-765.5808175
-765.5808175
-768.3347053
-771.0885931
-771.0885931
-771.0885931
-773.842481
-776.5963688
-776.5963688
-776.5963688
-776.5963688
-776.5963688
-779.3502567
-782.1041445
-782.1041445
-782.1041445
-784.8580323
-787.6119201
-787.6119201
-787.6119201
-787.6119201
-787.6119201
-790.365808
-793.1196958
-793.1196958
-793.1196958
-793.1196958
-795.8735837
-798.6274715
-798.6274715
-798.6274715
-798.6274715
-798.6274715
-801.3813593
-804.1352471
-804.1352471
-804.1352471
-806.889135
-809.6430228
-809.6430228
-809.6430228
-812.3969107
-815.1507985
-815.1507985
-815.1507985
-817.9046863
-820.6585741
-820.6585741
-820.6585741
-823.412462
-826.1663498
-828.9202376
-831.6741254
-831.6741254
-831.6741254
-831.6741254
-831.6741254
-831.6741254
-834.4280133
-837.1819011
-839.935789
-842.6896768
-845.4435646
-848.1974524
-848.1974524
-848.1974524
-850.9513402
-853.7052281
-856.459116
-859.2130038
-859.2130038
-859.2130038
-861.9668916
-864.7207794
-867.4746673
-870.2285551
-870.2285551
-870.2285551
-872.982443
-875.7363308
-875.7363308
-875.7363308
-877.572256
-879.4081812
-881.2441064
-881.2441064
-881.2441064
-881.2441064
-881.2441064
-883.9979942
-886.7518821
-889.50577
-892.2596578
-892.2596578
-892.2596578
-892.2596578
-892.2596578
-895.0135456
-897.7674334
-900.5213213
-903.2752091
-903.2752091
-903.2752091
-906.0290969
-908.7829848
-911.5368726
-914.2907604
-917.0446482
-919.7985361
-922.552424
-925.3063118
-927.142237
-928.9781622
-930.8140874
-930.8140874
-930.8140874
-933.5679753
-936.3218631
-939.0757509
-941.8296388
-944.5835266
-947.3374144
-947.3374144
-947.3374144
-947.3374144
-947.3374144
-950.0913022
-952.8451901
-952.8451901
-952.8451901
-955.599078
-958.3529658
-958.3529658
-958.3529658
-961.1068536
-963.8607414
-963.8607414
-963.8607414
-966.6146293
-969.3685171
-972.1224049
-974.8762927
-976.7122179
-978.5481432
-980.3840684
-980.3840684
-980.3840684
-983.1379563
-985.8918441
-985.8918441
-985.8918441
-988.6457319
-991.3996197
-991.3996197
-991.3996197
-994.1535076
-996.9073954
-996.9073954
-996.9073954
-999.6612832
-1002.415171
-1005.169059
-1007.922947
-1007.922947
-1007.922947
-1010.676835
-1013.430722
-1016.18461
-1018.938498
-1018.938498
-1018.938498
-1018.938498
-1021.692386
-1024.446274
-1027.200162
-1029.954049
-1032.707937
-1035.461825
-1038.215713
-1040.969601
-1043.723489
-1046.477376
-1046.477376
-1046.477376
-1049.231264
-1051.985152
-1051.985152
-1051.985152
-1054.73904
-1057.492928
-1057.492928
-1057.492928
-1060.246816
-1063.000703
-1063.000703
-1063.000703
-1063.000703
-1063.000703
-1064.836628
-1066.672554
-1068.508479
-1068.508479
-1068.508479
-1068.508479
-1068.508479
-1071.262367
-1074.016255
-1074.016255
-1074.016255
-1076.770143
-1079.52403
-1082.277918
-1085.031806
-1087.785694
-1090.539582
-1093.29347
-1096.047357
-1096.047357
-1096.047357
-1098.801245
-1101.555133
-1101.555133
-1101.555133
-1104.309021
-1107.062909
-1107.062909
-1107.062909
-1108.898834
-1110.734759
-1112.570684
-1112.570684
-1112.570684
-1115.324572
-1118.07846
-1118.07846
-1118.07846
-1120.832348
-1123.586236
-1123.586236
-1123.586236
-1126.340124
-1129.094011
-1129.094011
-1129.094011
-1131.847899
-1134.601787
-1134.601787
-1134.601787
-1137.355675
-1140.109563
-1142.863451
-1145.617338
-1145.617338
-1145.617338
-1148.371226
-1151.125114
-1151.125114
-1151.125114
-1151.125114
-1151.125114
-1151.125114
-1153.879002
-1156.63289
-1159.386777
-1162.140665
-1164.894553
-1167.648441
-1167.648441
-1167.648441
-1170.402329
-1173.156217
-1173.156217
-1173.156217
-1175.910105
-1178.663992
-1181.41788
-1184.171768
-1184.171768
-1184.171768
-1186.925656
-1189.679544
-1189.679544
-1189.679544
-1192.433432
-1195.187319
-1197.023244
-1198.85917
-1200.695095
-1200.695095
-1200.695095
-1203.448983
-1206.202871
-1208.956759
-1211.710646
-1214.464534
-1217.218422
-1217.218422
-1217.218422
-1217.218422
-1217.218422
-1219.97231
-1222.726198
-1225.480086
-1228.233973
-1230.987861
-1233.741749
-1236.495637
-1239.249525
-1242.003413
-1244.7573
-1247.511188
-1250.265076
-1253.018964
-1255.772852
-1255.772852
-1255.772852
-1255.772852
-1258.52674
-1261.280627
-1261.280627
-1261.280627
-1264.034515
-1266.788403
-1269.542291
-1272.296179
-1272.296179
-1272.296179
-1272.296179
-1272.296179
-1275.050067
-1277.803954
-1277.803954
-1277.803954
-1277.803954
-1277.803954
-1280.557842
-1283.31173
-1283.31173
-1283.31173
-1283.31173
-1283.31173
-1285.147655
-1286.983581
-1288.819506
-1288.819506
-1288.819506
-1288.819506
-1288.819506
-1291.573394
-1294.327281
-1294.327281
-1294.327281
-1294.327281
-1294.327281
-1294.327281
-1294.327281
-1297.081169
-1299.835057
-1299.835057
-1299.835057
-1302.588945
-1305.342833
-1305.342833
-1305.342833
-1305.342833
-1305.342833
-1305.342833
-1305.342833
-1308.096721
-1310.850608
-1310.850608
-1310.850608
-1310.850608
-1310.850608
-1310.850608
-1310.850608
-1310.850608
-1313.604496
-1316.358384
-1316.358384
-1316.358384
-1316.358384
-1316.358384
-1316.358384
-1316.358384
-1319.112272
-1321.86616
-1321.86616
-1321.86616
-1321.86616
-1321.86616
-1324.620048
-1327.373935
-1327.373935
-1327.373935
-1330.127823
-1332.881711
-1332.881711
-1332.881711
-1332.881711
-1335.635599
-1338.389487
-1338.389487
-1338.389487
-1341.143375
-1343.897262
-1343.897262
-1343.897262
-1346.65115
-1349.405038
-1352.158926
-1354.912814
-1354.912814
-1354.912814
-1357.666702
-1360.420589
-1360.420589
-1360.420589
-1360.420589
-1360.420589
-1360.420589
-1360.420589
-1363.174477
-1365.928365
-1365.928365
-1365.928365
-1365.928365
-1365.928365
-1365.928365
-1368.682253
-1371.436141
-1371.436141
-1371.436141
-1371.436141
-1371.436141
-1374.190029
-1376.943916
-1376.943916
-1376.943916
-1379.697804
-1382.451692
-1382.451692
-1382.451692
-1382.451692
-1382.451692
-1385.20558
-1387.959468
-1390.713356
-1393.467243
-1393.467243
-1393.467243
-1396.221131
-1398.975019
-1398.975019
-1398.975019
-1400.810944
-1402.64687
-1404.482795
-1404.482795
-1404.482795
-1407.236683
-1409.99057
-1409.99057
-1409.99057
-1409.99057
-1409.99057
-1412.744458
-1415.498346
-1415.498346
-1415.498346
-1415.498346
-1415.498346
-1418.252234
-1421.006122
-1421.006122
-1421.006122
-1421.006122
-1421.006122
-1423.76001
-1426.513897
-1426.513897
-1426.513897
-1429.267785
-1432.021673
-1432.021673
-1432.021673
-1432.021673
-1434.775561
-1437.529449
-1437.529449
-1437.529449
-1440.283337
-1443.037224
-1443.037224
-1443.037224
-1445.791112
-1448.545
-1448.545
-1448.545
-1448.545
-1448.545
-1451.298888
-1454.052776
-1454.052776
-1454.052776
-1456.806664
-1459.560551
-1459.560551
-1459.560551
-1462.314439
-1465.068327
-1465.068327
