0
-2201.99871
-2149.625011
-2124.943616
-2111.406407
-2108.626229
-2080.730756
-2063.622622
-2057.016559
-2058.930024
-2067.087704
-2077.624642
-2085.082925
-2096.388899
-2105.325504
-2115.576341
-2115.283775
-2113.940007
-2109.286098
-2107.330145
-2111.190641
-2110.742927
-2110.473032
-2109.394521
-2109.109826
-2109.567488
-2110.176687
-2108.054389
-2105.167112
-2100.534532
-2096.76014
-2094.050171
-2089.277122
-2083.823968
-2079.287191
-2074.663067
-2069.750304
-2064.825633
-2059.334153
-2052.940244
-2046.773856
-2040.875956
-2034.67713
-2029.527099
-2026.003821
-2022.581924
-2017.966025
-2013.004691
-2010.96378
-2009.800672
-2009.770806
-2009.145442
-2009.829685
-2010.302032
-2013.093838
-2015.778449
-2018.28486
-2022.168405
-2025.031915
-2027.844117
-2029.011717
-2030.296745
-2030.73526
-2034.456721
-2038.838125
-2043.976169
-2048.835126
-2054.780254
-2061.181068
-2068.064212
-2073.224818
-2075.844381
-2077.851336
-2080.312265
-2081.899151
-2082.756297
-2086.354135
-2089.667659
-2092.52121
-2095.65706
-2098.510115
-2100.835506
-2102.687303
-2103.920186
-2104.438562
-2104.749166
-2103.182095
-2101.982065
-2101.949638
-2101.406326
-2099.902107
-2098.217365
-2097.134861
-2095.029018
-2091.534849
-2088.35594
-2083.921557
-2078.303844
-2071.877523
-2065.335963
-2056.777954
-2048.467626
-2041.894557
-2035.559813
-2026.714708
-2017.941901
-2007.778994
-1997.948997
-1988.162914
-1978.665498
-1969.199592
-1959.513708
-1949.632631
-1941.096959
-1932.657487
-1925.435257
-1916.886286
-1909.023887
-1900.265394
-1891.517366
-1883.477469
-1877.023816
-1871.334187
-1866.400272
-1862.697427
-1859.699453
-1859.26767
-1860.200835
-1862.144301
-1862.997581
-1861.882917
-1860.014257
-1859.234621
-1859.99749
-1859.689498
-1861.622885
-1865.82919
-1867.677286
-1871.573347
-1876.842807
-1879.199504
-1882.27361
-1885.784184
-1889.356694
-1893.439759
-1898.294231
-1903.797977
-1910.05375
-1913.77356
-1917.610036
-1922.399125
-1926.727168
-1929.363604
-1932.908287
-1936.942295
-1941.376141
-1944.842769
-1948.054008
-1949.48195
-1950.444446
-1950.598917
-1951.139711
-1950.948475
-1949.454996
-1947.196407
-1944.626264
-1941.300026
-1938.057372
-1933.06812
-1928.387882
-1922.084179
-1915.106812
-1908.231826
-1901.377283
-1894.000052
-1886.341981
-1878.977376
-1871.690281
-1864.681762
-1857.229985
-1849.405206
-1842.494189
-1836.69555
-1831.288948
-1826.402714
-1820.826661
-1815.650083
-1810.949069
-1807.463787
-1805.13172
-1802.945519
-1801.166622
-1800.941174
-1800.510661
-1800.519566
-1800.891575
-1801.368372
-1801.722291
-1803.069497
-1804.045948
-1806.757057
-1810.098799
-1812.526033
-1815.480451
-1820.020867
-1822.91607
-1826.344738
-1829.575156
-1834.110368
-1839.233953
-1843.790753
-1848.914181
-1853.880223
-1858.463061
-1862.664142
-1866.765866
-1871.265269
-1874.930251
-1878.128332
-1881.405376
-1883.988467
-1885.476615
-1886.926649
-1887.257144
-1887.405169
-1887.288087
-1885.819399
-1884.106723
-1882.02185
-1879.189084
-1876.765099
-1873.389449
-1870.438744
-1866.304065
-1861.506407
-1856.038672
-1849.548671
-1843.083494
-1837.223964
-1830.798567
-1823.445557
-1816.54997
-1808.811957
-1800.741822
-1792.462633
-1784.613623
-1775.919563
-1767.806701
-1759.935642
-1753.548163
-1746.984689
-1740.149797
-1733.275573
-1726.703592
-1721.361388
-1715.985242
-1710.320822
-1705.190032
-1700.517986
-1696.316315
-1692.255284
-1688.734605
-1686.408163
-1683.634475
-1681.757642
-1679.695172
-1678.204192
-1676.60578
-1674.664891
-1673.055552
-1671.296654
-1670.259753
-1669.838261
-1668.951292
-1668.858315
-1668.817731
-1668.101456
-1667.932062
-1666.899934
-1666.206666
-1665.479448
-1665.015855
-1664.102087
-1662.767675
-1661.83626
-1660.457597
-1659.596494
-1657.961928
-1656.082349
-1654.218562
-1652.181036
-1650.65624
-1650.572203
-1650.233671
-1648.497904
-1647.824559
-1646.518154
-1645.286717
-1643.647749
-1641.115574
-1638.820619
-1636.167412
-1634.057375
-1632.808665
-1630.45471
-1629.624283
-1628.460315
-1626.5999
-1625.353602
-1624.150014
-1623.245798
-1621.909552
-1620.26203
-1618.979521
-1617.891628
-1617.13126
-1615.736312
-1614.378695
-1612.790525
-1610.300639
-1608.615654
-1607.099073
-1604.700778
-1601.612776
-1596.957108
-1592.930061
-1589.764486
-1586.006291
-1581.422192
-1575.5833
-1569.978042
-1564.469431
-1558.436348
-1552.493285
-1545.127948
-1539.240286
-1533.065614
-1527.821092
-1522.951884
-1517.956305
-1513.801529
-1509.605443
-1506.87924
-1504.352795
-1500.858649
-1497.723065
-1495.261121
-1492.068635
-1488.422986
-1485.169343
-1481.490195
-1479.96359
-1478.497141
-1476.90505
-1475.547446
-1474.497556
-1474.945755
-1474.800178
-1474.113724
-1474.071188
-1473.431718
-1472.646529
-1471.660728
-1471.244422
-1470.879698
-1470.959387
-1471.443971
-1471.239757
-1470.290638
-1469.038494
-1467.960557
-1466.213035
-1465.146138
-1463.574479
-1462.865587
-1460.686945
-1458.222794
-1454.275078
-1449.728878
-1445.978102
-1441.832216
-1438.061662
-1433.934617
-1429.277874
-1424.88925
-1420.391956
-1416.077499
-1412.056916
-1407.960766
-1403.840711
-1399.752027
-1395.634617
-1391.517782
-1387.232888
-1384.157686
-1380.77257
-1376.837415
-1373.252397
-1370.160124
-1367.109078
-1362.751004
-1358.541673
-1355.240657
-1352.431739
-1349.359101
-1346.082148
-1343.165788
-1339.718639
-1336.279327
-1333.104635
-1330.008123
-1327.234028
-1324.750767
-1322.893487
-1319.87067
-1316.597668
-1313.058571
-1310.007155
-1306.95574
-1303.904324
-1300.852908
-1297.758113
-1294.695852
-1291.633592
-1288.571331
-1285.509071
-1282.44681
-1279.384549
-1276.322289
-1273.260028
-1270.197768
-1267.135507
-1264.073246
-1261.010986
-1257.948725
-1254.886465
-1251.824204
-1248.761944
-1245.699683
-1242.866743
-1239.852257
-1236.837772
-1233.823287
-1230.808801
-1227.794316
-1224.77983
-1221.765345
-1218.750859
-1215.856311
-1212.866686
-1209.877062
-1207.171173
-1204.250707
-1201.330241
-1198.433805
-1195.611353
-1192.976687
-1190.334987
-1186.591781
-1184.309222
-1181.421588
-1178.494207
-1175.567342
-1172.684981
-1169.794196
-1166.834662
-1164.002241
-1161.133246
-1158.661529
-1155.87434
-1153.138696
-1150.264861
-1148.066205
-1145.550966
-1143.259594
-1140.573959
-1137.883962
-1135.94225
-1134.156738
-1132.005405
-1129.915504
-1127.693845
-1125.63439
-1123.582537
-1121.413082
-1119.296704
-1117.077977
-1115.179684
-1113.286653
-1111.221191
-1109.155729
-1107.090267
-1105.024806
-1103.121544
-1101.091344
-1098.899659
-1096.835816
-1094.723906
-1092.248505
-1089.61748
-1087.04529
-1084.649923
-1081.914427
-1079.428895
-1076.730055
-1073.004905
-1069.736805
-1066.318653
-1062.381227
-1058.789219
-1054.877496
-1051.846063
-1048.547776
-1044.808343
-1041.424645
-1038.042661
-1034.019439
-1030.01165
-1025.94085
-1021.815307
-1017.632431
-1013.023429
-1008.750119
-1004.549056
-1000.279179
-995.7339871
-991.3497214
-987.4719549
-983.3538715
-978.8180465
-975.1330717
-971.8002703
-967.7736315
-964.5256958
-961.5098783
-958.4081195
-955.8245226
-953.6162258
-950.8035959
-948.118564
-945.4458245
-943.5436403
-941.8344111
-939.480412
-937.6107084
-935.73956
-933.6828809
-931.2119443
-929.3577794
-927.327272
-924.8724787
-923.170053
-921.1263844
-919.1118611
-917.0238212
-915.1948983
-913.7236478
-912.2618879
-910.3973592
-908.3845206
-906.9603231
-905.3540104
-903.6377545
-901.6457444
-899.7383717
-898.0233322
-896.0085366
-894.3207624
-892.6256161
-890.2968517
-887.9309778
-886.4033369
-884.6304962
-881.5108578
-878.4988278
-875.7306712
-872.9716609
-869.8364651
-867.0103335
-864.1745875
-860.9337348
-858.2377268
-855.2990684
-852.4692635
-849.4411842
-846.1145107
-843.1221481
-839.900402
-836.5993816
-833.4793574
-830.1723067
-826.4850877
-822.5862873
-819.2348219
-815.6209215
-811.5851107
-807.4375838
-803.1801108
-799.2802994
-794.8988068
-790.8482171
-786.9173524
-782.8478421
-778.8110934
-775.1314444
-771.1541442
-767.3396611
-763.3946858
-759.9049919
-756.2867273
-752.8465093
-749.1178603
-745.3871812
-742.2328531
-739.0816168
-735.7387928
-732.518036
-729.7194035
-726.821125
-723.3880549
-720.2516759
-717.56625
-714.4686307
-711.2117293
-708.0971115
-705.0943851
-702.1515599
-699.1184284
-696.2960281
-693.3564549
-690.4414553
-687.5745471
-684.4377891
-681.4490234
-678.238635
-675.2455925
-672.4330799
-669.6746049
-667.1258932
-664.5175445
-662.1103448
-659.8747872
-657.5553033
-655.2070424
-652.6391143
-650.068353
-647.8476606
-645.7004002
-643.0159946
-640.9156653
-638.6635913
-636.2830856
-633.984521
-632.1380809
-630.2356721
-628.4319689
-626.1085182
-623.7327628
-621.0934188
-618.1623932
-615.1530155
-611.9600692
-608.8771755
-605.484978
-602.2231671
-599.0896515
-595.6855324
-592.0417261
-588.6956255
-585.3081495
-581.5977785
-578.0187131
-574.3470775
-570.4502658
-566.7025394
-562.8691965
-559.1791188
-555.4044804
-551.7678387
-548.9083985
-545.6488346
-542.124721
-538.6898795
-534.9468505
-531.0762639
-527.2636574
-523.26062
-519.5744809
-515.9655261
-512.2895405
-508.3850152
-504.5311761
-500.511772
-496.7403219
-492.8439358
-488.8902715
-485.1558428
-481.4563339
-478.019177
-474.8376791
-472.0932439
-469.4083655
-466.4916522
-463.7780258
-461.1202724
-458.5763288
-456.2933908
-453.6904028
-451.9043859
-449.9827995
-448.0077552
-446.1339374
-444.2678438
-442.5071082
-440.8669367
-439.2347659
-437.6539362
-436.1711505
-434.7694408
-433.3161123
-431.878862
-430.4990146
-428.6836755
-427.0896648
-425.0539167
-422.9660484
-420.8021559
-418.7141118
-416.2382782
-413.7380019
-411.0430555
-408.1044101
-405.2825701
-402.4346008
-399.5011547
-396.2190551
-393.0039592
-389.7831356
-386.4879159
-382.9044529
-378.8865351
-375.2529235
-371.5118785
-367.6726008
-363.7010813
-359.6168239
-355.2967473
-350.7915174
-346.5240975
-341.8599783
-337.3876787
-332.9910063
-328.6742647
-324.4985606
-320.5175194
-316.0647207
-311.6757063
-307.3457983
-302.9554414
-298.8173448
-294.6520715
-290.6543088
-286.8962117
-283.3000999
-279.3815135
-275.6552236
-271.96152
-268.3299704
-264.6653913
-261.009266
-257.5050394
-254.1270164
-250.741202
-247.3890108
-244.0714137
-240.9269853
-237.706305
-234.396157
-231.3601928
-228.4096292
-225.6387896
-223.1747771
-221.015188
-218.4744821
-216.0530206
-213.6081893
-211.2600813
-208.9502847
-206.9444758
-204.7878699
-202.7078012
-200.7231928
-198.7763897
-196.883982
-195.0707172
-192.9225954
-190.7562823
-188.3932973
-186.049377
-183.5381462
-181.0201463
-178.6451668
-176.030907
-173.3310518
-170.3084731
-167.0948541
-163.9147506
-160.7234054
-157.7652146
-154.4060572
-150.9672081
-147.4493782
-143.6772395
-139.9624411
-136.1417091
-132.1627511
-128.1029678
-124.1611933
-120.0997149
-115.7991518
-111.5627996
-107.1185781
-102.7110697
-98.13866284
-93.84530564
-89.43460514
-84.80665476
-80.45615404
-76.27249625
-72.12361781
-67.90850828
-63.90451261
-59.9501668
-56.01724195
-52.12502579
-48.1498271
-44.3057189
-40.66843942
-36.9220432
-33.30665623
-29.81508759
-26.45653442
-23.20026747
-19.98797074
-16.77674054
-13.57900702
-10.49459716
-7.493770507
-4.452379197
-1.504143697
1.328942324
4.089092495
6.82293179
9.529737424
12.24341871
14.99015114
17.67584343
20.32974066
23.01463114
25.62693343
28.20933257
30.84607755
33.92305425
36.87430963
39.92177907
42.8504641
45.89458984
48.96203839
52.03842617
55.14353637
58.293727
61.2373324
64.20155099
67.41258662
70.5898919
73.78763762
76.95138622
80.03240576
83.09658862
86.30326602
89.55180862
92.88050593
96.26264413
99.63931881
103.1974954
106.7290802
110.2395213
113.8779274
117.6361022
121.303322
124.8722656
128.6971402
132.4228992
136.0913368
139.7843268
143.4922738
147.1914059
150.8719898
154.6327587
158.3340631
161.9440153
165.6563938
169.3546052
173.0311763
176.6833362
180.2816658
183.9197149
187.61759
191.2950863
194.965313
198.6295359
202.3496668
206.0661622
209.8236691
213.523692
217.2576748
221.0626598
224.817737
228.5208625
232.1794511
235.9910166
239.7956842
243.5630298
247.4115466
251.2709109
255.1131556
258.9359647
262.6752683
266.4384234
270.1465178
273.7851919
277.5166382
281.1815486
284.8622406
288.5952711
292.2616502
295.9648084
299.7113674
303.4512373
307.2255437
310.8928786
314.6896144
318.4655658
322.2251883
326.0820357
329.986758
333.8912285
337.8119774
341.7551115
345.6518495
349.6016161
353.5519216
357.5723661
361.6433346
365.6267608
369.5938403
373.5609198
377.5279992
380.9432196
384.7756797
388.6081397
392.4405998
396.2730599
400.10552
403.93798
407.7704401
411.6029002
415.4353603
419.2678203
423.1002804
426.9327405
430.7652006
434.5976606
438.4301207
442.2625808
446.0950409
449.9275009
453.759961
457.5924211
461.4248812
465.2573412
469.0898013
472.9222614
476.7547215
480.5871815
484.4196416
488.2521017
492.0845618
495.9170218
499.7494819




