0
-1009.095792
-988.0883868
-978.3426701
-971.9765703
-970.2643014
-959.2540867
-951.6446722
-947.7436797
-946.4268164
-947.1002521
-948.9552878
-949.7063414
-951.7717162
-953.076437
-954.8546488
-952.8531876
-950.5639638
-947.0954078
-944.5414521
-944.2588017
-942.4595356
-940.8652074
-938.8196671
-937.1703199
-935.7945224
-934.5001782
-932.2630577
-929.7607827
-926.7367484
-924.0220788
-921.728353
-918.8315884
-915.7082583
-912.9101982
-910.1152672
-907.2746707
-904.4046851
-901.242988
-897.8051596
-894.4099744
-891.1097786
-887.6433126
-884.5664283
-882.0496183
-879.5859318
-876.7151416
-873.721064
-871.6935382
-869.8744634
-868.4107769
-866.7076072
-865.4054685
-863.9714227
-863.2668221
-862.5233786
-861.7515793
-861.3817766
-860.6906344
-860.1070811
-859.0416909
-857.9524869
-856.6414452
-856.3045133
-856.1374545
-856.1664671
-856.0668329
-856.3073911
-856.6871952
-857.2072262
-857.22732
-856.4677529
-855.563917
-854.7949384
-853.7622263
-852.5040712
-851.9478286
-851.302301
-850.4525064
-849.6686168
-848.7735933
-847.7199835
-846.493258
-845.0998023
-843.4588815
-841.7757927
-839.576199
-837.5085258
-835.7107325
-833.7813327
-831.4123746
-828.9609337
-826.7771467
-824.2572421
-821.3311306
-818.492891
-815.3360887
-811.7555766
-807.9981663
-804.1915089
-799.7516545
-795.3603153
-791.4622377
-787.6057922
-783.0161666
-778.5095194
-773.6334982
-768.8845256
-764.1088051
-759.4527434
-754.7299298
-749.8966126
-745.0292186
-740.5412825
-736.0472308
-731.9405111
-727.5965548
-723.4887045
-719.1675081
-714.897625
-710.8366228
-707.2705794
-703.9647815
-700.8982673
-698.0889693
-695.4464834
-693.5117644
-692.0780168
-690.9790648
-689.6157839
-687.7273468
-685.6238573
-683.9271855
-682.6817081
-681.1934594
-680.3151515
-679.9905003
-679.0113817
-678.5331308
-678.4522467
-677.617801
-676.9878646
-676.5557661
-676.1384221
-675.8240111
-675.7408663
-675.7915482
-676.0342398
-675.5431683
-674.9968194
-674.7576134
-674.400444
-673.6676787
-673.1637367
-672.7360271
-672.4282849
-671.8167997
-671.1825993
-670.1011086
-668.8329775
-667.2604818
-665.7744475
-664.0903107
-662.0277768
-659.8078199
-657.4840186
-654.9498334
-652.4113631
-649.4451706
-646.5646552
-643.1885326
-639.5697725
-635.9502288
-632.3880262
-628.661438
-624.9370479
-621.2654434
-617.6104017
-614.0724869
-610.4094885
-606.6672732
-603.1611651
-599.9218659
-596.7589492
-593.7089541
-590.4422896
-587.2882866
-584.2686492
-581.5414264
-579.0841357
-576.6540383
-574.3448646
-572.3796885
-570.3858394
-568.477332
-566.6329536
-564.8402314
-563.0375143
-561.4473361
-559.7862882
-558.5706921
-557.5316327
-556.2854389
-555.1298265
-554.3413832
-553.1783025
-552.0935275
-551.0073072
-550.202049
-549.4688861
-548.6643513
-547.9860741
-547.2714359
-546.4349294
-545.4989285
-544.5550163
-543.698549
-542.6593175
-541.4797647
-540.3295873
-539.0391318
-537.4660368
-535.9119528
-534.1306764
-532.256925
-530.2871253
-528.0449319
-525.7525893
-523.4044495
-520.9406549
-518.5014675
-515.890674
-513.2896332
-510.5555773
-507.6804987
-504.6401561
-501.3643509
-498.1389748
-494.916392
-491.6401873
-488.1542294
-484.6564147
-481.0824398
-477.5038816
-473.8771117
-470.4117663
-466.7275006
-463.1930186
-459.7447256
-456.5316313
-453.2489892
-449.8996399
-446.6492656
-443.542634
-440.6771937
-437.8691726
-435.0306316
-432.3073541
-429.7232454
-427.2564355
-424.818381
-422.4704068
-420.3492747
-418.1992161
-416.1751779
-414.039272
-412.070269
-410.1446958
-408.179289
-406.1964035
-404.0702879
-402.0826462
-400.2728125
-398.4229561
-396.7514914
-395.0944943
-393.3269658
-391.6222172
-389.6656998
-387.739649
-385.8769506
-384.0572542
-382.1439221
-380.2786556
-378.4598947
-376.5047632
-374.720647
-372.776927
-370.7408565
-368.6768048
-366.6038889
-364.6425734
-362.8679136
-361.0955047
-359.1088161
-357.2356129
-355.2483973
-353.267974
-351.2291763
-349.1030481
-346.9641814
-344.747924
-342.6865947
-340.6673036
-338.4644166
-336.4768184
-334.4727223
-332.3482701
-330.3060933
-328.2609419
-326.2309874
-324.1577431
-322.0579372
-320.0066739
-318.0112104
-316.0746104
-314.0617999
-312.0925713
-310.0888282
-307.9739115
-306.0072646
-304.059036
-302.0405759
-299.9440227
-297.7009176
-295.5614303
-293.5445369
-291.4914887
-289.3787144
-287.1404615
-284.8880139
-282.7335096
-280.5781887
-278.4557403
-276.2105166
-274.1264455
-272.0528136
-270.1323714
-268.2808618
-266.4221481
-264.7053303
-262.9865996
-261.4835286
-260.0070542
-258.4079251
-256.9382797
-255.560784
-254.1732958
-252.6482441
-251.2251317
-249.8190719
-248.7230481
-247.6413602
-246.5672017
-245.5595849
-244.5880173
-243.7465728
-242.8355368
-241.9377871
-241.1540848
-240.2725492
-239.4178234
-238.5785893
-237.8034077
-237.0092192
-236.3320625
-235.7279922
-235.049845
-234.2650567
-233.5304869
-232.8019533
-232.1068137
-231.490374
-230.7318671
-230.1273239
-229.3368502
-228.5208094
-227.5899136
-226.5724238
-225.5974765
-224.5606097
-223.51781
-222.4502114
-221.4027454
-220.2808997
-219.1221376
-217.897279
-216.7588747
-215.547546
-214.3710534
-213.2354959
-212.0880533
-210.9251632
-209.7890485
-208.7095498
-207.5642145
-206.4069221
-205.2344331
-204.0709316
-202.9403009
-201.6785069
-200.433898
-199.3063049
-198.2308945
-197.0799117
-195.8772356
-194.6537852
-193.4630146
-192.2248073
-190.9735957
-189.7392453
-188.5396635
-187.4828494
-186.4504116
-185.3291422
-184.2029941
-183.1335996
-182.0138929
-180.8941863
-179.7744796
-178.6547729
-177.5700372
-176.4590733
-175.3481093
-174.2371454
-173.1261815
-172.0152175
-170.9042536
-169.7932897
-168.6823257
-167.5713618
-166.4603979
-165.3494339
-164.23847
-163.1275061
-162.0165421
-160.9055782
-159.7946143
-158.6836503
-157.70891
-156.6263259
-155.5437419
-154.4611579
-153.3785738
-152.2959898
-151.2134058
-150.1308218
-149.0482377
-148.3174708
-147.311312
-146.3051533
-145.6291098
-144.703441
-143.7777723
-143.2256468
-142.5768971
-142.1599877
-142.4403293
-142.8522867
-143.3390283
-143.7876597
-144.3407442
-145.1665174
-145.4628522
-146.0720592
-147.0759438
-147.7481499
-148.7414386
-149.6932175
-150.4100977
-151.2685869
-152.2329881
-153.3713333
-154.7211672
-156.1536466
-157.6081857
-159.0401935
-160.5912936
-162.1620306
-163.6720589
-165.1701882
-166.618492
-168.0625149
-169.4939102
-170.9227784
-172.3220152
-173.5876743
-174.8728804
-176.0777438
-177.4057708
-178.7337978
-180.0618248
-181.3898518
-182.6070409
-183.9109727
-185.065856
-186.3387361
-187.2949944
-188.1624363
-188.7637766
-189.3748803
-190.1175396
-190.3974039
-190.9241392
-191.3943283
-191.1803463
-190.827647
-190.1018336
-189.1597135
-188.2364869
-186.9508734
-185.7277844
-184.6824337
-183.1032975
-181.7379879
-179.9798793
-178.0779452
-176.0939768
-174.04401
-171.9393344
-169.7843128
-167.5823757
-165.4018361
-163.2384351
-161.0872856
-158.9501763
-156.8824274
-154.9078968
-152.9861629
-151.1349559
-149.4400807
-147.8621354
-146.3423642
-144.9897009
-143.7820796
-142.6717809
-141.732868
-140.9510167
-140.2513611
-139.6960914
-139.2794749
-139.0369675
-138.9181626
-138.8944191
-139.0156908
-139.2566154
-139.6130411
-140.0531411
-140.6077651
-141.255754
-141.9497554
-142.7532002
-143.5987924
-144.5113476
-145.4796247
-146.508024
-147.5687588
-148.6592578
-149.7153997
-150.7582365
-151.8337269
-152.8767963
-153.8961261
-154.8452401
-155.7666751
-156.6432782
-157.4520328
-158.2230995
-158.951616
-159.590096
-160.1292008
-160.6161058
-161.0372151
-161.3251767
-161.5347129
-161.677566
-161.7401744
-161.7055273
-161.626176
-161.4784308
-161.2371337
-160.9588589
-160.5852868
-160.1670504
-159.6839366
-159.1144947
-158.5134071
-157.8465141
-157.1424324
-156.3979049
-155.6219597
-154.800104
-153.9397344
-153.0769671
-152.2081821
-151.3215069
-150.4262933
-149.5267841
-148.655028
-147.7846003
-146.9701986
-146.1856429
-145.4247392
-144.6964172
-144.0280481
-143.3818775
-142.8110401
-142.2617761
-141.7899849
-141.3614285
-141.0116245
-140.7070551
-140.4536984
-140.2822783
-140.1778985
-140.1155402
-140.105428
-140.1911632
-140.314383
-140.4531693
-140.681648
-140.9702428
-141.2802074
-141.5996798
-141.9637309
-142.3478957
-142.7475117
-143.1741428
-143.6368962
-144.0933226
-144.5626902
-145.0296511
-145.4946942
-145.9689338
-146.4451494
-146.9166989
-147.3754906
-147.8345775
-148.2866531
-148.7047529
-149.1129667
-149.496356
-149.860561
-150.1817838
-150.4645065
-150.7280027
-150.9754833
-151.1706593
-151.3043173
-151.4623165
-151.5822609
-151.6569167
-151.7104766
-151.7731589
-151.7987622
-151.8056418
-151.749738
-151.6427156
-151.5057376
-151.3454806
-151.1673934
-150.9856546
-150.788398
-150.5658609
-150.3670793
-150.1725909
-149.9485812
-149.6947327
-149.48474
-149.2691755
-149.0629591
-148.8967261
-148.7094047
-148.5141154
-148.343004
-148.1849147
-148.0433726
-147.9247085
-147.8270726
-147.8106813
-147.7695255
-147.7301028
-147.71673
-147.6890614
-147.6597447
-147.6600119
-147.6775926
-147.7243991
-147.7788706
-147.8206654
-147.8596345
-147.8991442
-147.9658294
-148.0455796
-148.1123095
-148.1981798
-148.2908278
-148.3864002
-148.502724
-148.638885
-148.8300887
-149.0010131
-149.1393446
-149.271405
-149.3987434
-149.5230304
-149.6778152
-149.8223569
-150.0274991
-150.2298069
-150.4302702
-150.6293679
-150.8300303
-151.0355971
-151.2564544
-151.4820345
-151.7032708
-151.9250813
-152.1789838
-152.4236868
-152.6609987
-152.8934646
-153.075123
-153.281661
-153.4561548
-153.6496214
-153.8422645
-154.032776
-154.2086894
-154.3776265
-154.5239936
-154.6522403
-154.8079524
-154.968555
-155.1170575
-155.2484278
-155.4101739
-155.5665269
-155.7234288
-155.8469147
-155.9513899
-156.080635
-156.1767936
-156.274284
-156.3543175
-156.4321859
-156.4893354
-156.5288876
-156.5720131
-156.5872151
-156.637087
-156.6929673
-156.7532867
-156.8419753
-156.9482587
-157.0004399
-157.042205
-157.0812912
-157.1261882
-157.1883679
-157.2359587
-157.3118273
-157.4051992
-157.4896912
-157.5532982
-157.6349649
-157.7347805
-157.8487661
-157.970293
-158.1228095
-158.2681872
-158.4100745
-158.5184854
-158.6275666
-158.7334585
-158.8463676
-158.937545
-159.013174
-159.1153769
-159.2265263
-159.3881454
-159.5835295
-159.7736754
-159.9662912
-160.1799386
-160.3572714
-160.5556215
-160.7281711
-160.9211863
-161.1408817
-161.3997154
-161.6875463
-161.9854123
-162.2948933
-162.6273472
-162.9308307
-163.2366942
-163.5194012
-163.7906725
-164.0646252
-164.3521288
-164.675759
-164.9546069
-165.2478336
-165.5230695
-165.7554309
-165.9920839
-166.2340348
-166.5453101
-166.7810023
-166.9948936
-167.2463213
-167.4307039
-167.6196345
-167.7764649
-167.9371254
-168.0695134
-168.26903
-168.4497664
-168.5685795
-168.6860807
-168.7612742
-168.8953342
-168.9783396
-169.1675314
-169.3475657
-169.4883127
-169.6678154
-169.8861206
-170.1039726
-170.3430394
-170.6115737
-170.8870552
-171.1830482
-171.4795364
-171.7459975
-172.0148863
-172.3083789
-172.5552379
-172.8239428
-173.155742
-173.4773325
-173.8307756
-174.1938697
-174.5583078
-174.9151743
-175.2472872
-175.5500167
-175.8461103
-176.170147
-176.5530659
-176.9388033
-177.312858
-177.7086959
-178.1237584
-178.5254893
-178.9273524
-179.3356937
-179.7334348
-180.1421649
-180.5804053
-180.9974058
-181.2686329
-181.5638804
-181.8111883
-182.1140813
-182.3974382
-182.664883
-182.9435227
-183.2192915
-183.4372932
-183.6710037
-183.8807076
-184.0530069
-184.1987786
-184.3917536
-184.5719859
-184.7579467
-184.9462393
-185.137495
-185.3538716
-185.5373915
-185.6947297
-185.8637661
-186.0963872
-186.3304788
-186.539831
-186.7272435
-186.9153854
-187.1661961
-187.5025543
-187.7194003
-187.9636975
-188.2737302
-188.6534496
-189.1206985
-189.5973991
-190.1225101
-190.6720243
-191.288746
-191.9597993
-192.6540695
-193.3830928
-194.1396419
-194.9294308
-195.7662081
-196.6007823
-197.4099084
-198.2678779
-199.1231071
-199.965132
-200.797055
-201.6322122
-202.4537824
-203.3271526
-204.121201
-204.8786067
-205.6368868
-206.4184843
-207.1858398
-207.8411132
-208.4875363
-209.1125928
-209.6805612
-210.2062676
-210.6956623
-211.1556904
-211.6497407
-212.1052496
-212.5656715
-213.0592909
-213.4650738
-213.8477987
-214.2824111
-214.610089
-214.9911034
-215.3309868
-215.5639132
-215.8023374
-215.9944985
-216.2548503
-216.3626305
-216.4599404
-216.5456565
-216.5589885
-216.4427585
-216.3040958
-216.1876645
-216.0596602
-215.987025
-215.8427979
-215.6504088
-215.4492702
-215.1428768
-214.9534709
-214.7880889
-214.6227069
-214.4573249
-214.2403117
-214.0623359
-213.88436
-213.7063841
-213.5284083
-213.3504324
-213.1724566
-212.9944807
-212.8165049
-212.638529
-212.4605531
-212.2825773
-212.1046014
-211.9266256
-211.7486497
-211.5706738
-211.392698
-211.2147221
-211.0367463
-210.8587704
-210.6807946
-210.5028187
-210.3248428
-210.146867
-209.9688911
-209.7909153
-209.6129394
-209.4349636
-209.2569877
-209.0790118
-208.901036
-208.7230601