599
-936.0954804
-919.2810981
-918.7898074
-908.8066858
-891.7993079
-874.3104012
-863.744571
-867.9526647
-874.6601956
-883.4891585
-890.1837221
-896.7278977
-902.9920409
-904.2054656
-903.3666228
-902.3336253
-900.9227358
-898.3053672
-894.1717896
-889.6509863
-886.241756
-881.7376514
-877.5343641
-873.440054
-869.2514903
-864.1041937
-858.6745235
-853.0458805
-847.3526054
-840.9971753
-836.3343254
-832.6867205
-828.5026479
-824.5679028
-820.3430919
-815.6548865
-810.4741652
-804.084709
-797.333285
-790.4820047
-783.3780156
-776.9117944
-771.0530882
-765.1277866
-759.3320458
-753.8325189
-748.9009649
-743.5875952
-738.246334
-733.4387514
-728.5285915
-724.014205
-719.8427896
-715.679
-711.7275459
-707.8479527
-704.2600151
-701.021227
-697.8756541
-694.8931562
-692.1489824
-689.3574932
-686.0985944
-683.5185148
-680.2063664
-676.9322004
-674.009844
-669.5404821
-665.0287174
-660.3784946
-655.9983195
-651.6711107
-647.1755952
-643.0113149
-638.9965059
-635.1722503
-631.1502676
-627.1551815
-623.527338
-619.8612078
-616.0026486
-612.2859716
-608.6362565
-604.4804638
-600.0240913
-595.4360269
-590.8888935
-586.5109023
-582.2756809
-578.0559591
-573.6593887
-569.2392154
-564.8571337
-560.5541976
-556.3179009
-552.1141986
-548.186279
-544.5006123
-540.7529688
-537.0601947
-533.5133453
-530.1835634
-526.6573657
-523.3964769
-520.2247346
-516.9754861
-513.7398716
-510.4426273
-507.1745264
-504.0367523
-500.7853095
-497.7472925
-494.8261098
-492.0271582
-489.3680247
-486.787928
-484.1482017
-481.6187128
-479.2682275
-476.7129562
-474.143708
-472.0202127
-469.466606
-467.0101104
-464.59426
-462.174309
-459.7272579
-457.3437093
-454.927708
-452.3729307
-449.5468773
-446.5667545
-443.4770342
-440.2441662
-436.7527124
-432.9727484
-429.2946743
-425.5474481
-421.2592477
-416.4276
-411.4271957
-406.5586112
-401.6338403
-396.3182888
-390.8910779
-385.8223724
-381.1266596
-376.4723407
-371.7842817
-367.0221859
-362.3259094
-357.3907653
-352.3090919
-347.2880558
-342.3765866
-337.7095961
-332.9470242
-328.2342188
-323.3644128
-318.3964184
-313.4750628
-308.5805601
-303.6330159
-298.675695
-293.8377005
-289.0682208
-284.2285047
-279.408676
-274.7888805
-270.1443059
-265.7039522
-261.6204072
-257.7243078
-254.0669925
-250.6337514
-247.2167099
-243.6963718
-240.3913727
-237.107998
-233.7991421
-230.4458809
-227.233558
-224.0483744
-220.4402057
-217.0326271
-213.7210621
-210.2836064
-206.8935726
-203.5430112
-200.148885
-196.7361402
-193.2920736
-189.9367572
-186.4691238
-183.0791539
-179.5426898
-175.9209382
-172.2373319
-168.335838
-164.4612615
-160.5482761
-156.5547541
-152.5671024
-148.5889035
-144.550711
-140.6283718
-136.6889644
-132.501269
-128.2507744
-124.0910172
-119.9754051
-115.73555
-111.4173382
-107.1514543
-102.8693093
-98.45494728
-93.89928504
-89.38084081
-84.82506676
-80.22484221
-75.54745798
-70.97146238
-66.48563286
-61.9455588
-57.29137908
-52.59553189
-47.89616573
-43.28651592
-38.60057408
-34.01249663
-29.37318176
-24.59532531
-19.72311743
-14.91491362
-10.18487943
-5.422891773
-0.680984864
4.052310268
8.737361502
13.38815765
17.88631403
22.32732596
26.56859301
30.98531086
35.20032588
39.28048813
43.24050649
47.40586213
51.24112148
55.01881763
58.73529995
62.47642066
66.33622852
70.31236084
74.32705699
78.28490801
82.10930213
85.81641676
89.46452451
93.01512486
96.52358868
99.89857938
103.2176374
106.5246061
109.808756
112.917394
115.9517132
118.9878866
122.0451973
125.1395884
128.189191
131.2370901
134.2366577
137.2093603
140.23873
143.3617004
146.4604449
149.5392109
152.6179769
155.696743
158.8904226
161.9953388
165.100255
168.2051712
171.3100874
174.4150036
177.5199198
180.624836
183.7297522
186.8346684
189.9395846
193.0445008
196.1494171
199.2543333
202.3592495












































































































































































































































































































































































































































































































































































































































































































































































































































































































































