599
-161.954561
-161.6546001
-161.2683514
-161.006468
-160.972243
-160.9498947
-160.8002454
-160.3659422
-159.8783726
-159.3151937
-158.8064718
-158.3507654
-157.9013584
-157.5671642
-157.307505
-157.0745803
-156.8687388
-156.7281915
-156.6151124
-156.5230331
-156.4068823
-156.3286716
-156.2566917
-156.18277
-156.1089583
-156.0655838
-156.017126
-155.9672032
-155.9330274
-155.9124674
-155.8483098
-155.765367
-155.6834044
-155.5985435
-155.5266933
-155.4665369
-155.4237959
-155.4115936
-155.4095966
-155.4182126
-155.4342973
-155.4324073
-155.406979
-155.3786553
-155.3466645
-155.2996996
-155.2312294
-155.1729177
-155.1105716
-155.0307103
-154.9572839
-154.8605854
-154.7406363
-154.6170271
-154.4870233
-154.3500817
-154.2011455
-154.0409988
-153.879577
-153.7130924
-153.5408431
-153.3671204
-153.2070523
-153.0248158
-152.8593184
-152.6971676
-152.5166353
-152.3903592
-152.2657567
-152.1439886
-152.0139103
-151.886778
-151.7648607
-151.634562
-151.5026596
-151.3641099
-151.2326984
-151.1052834
-150.9665195
-150.8234105
-150.6912226
-150.5576304
-150.423649
-150.3122773
-150.2191018
-150.1312684
-150.0428026
-149.9484289
-149.8468218
-149.7470903
-149.6558896
-149.5670279
-149.4747241
-149.3831674
-149.2906265
-149.1969457
-149.0934553
-148.979339
-148.8704843
-148.7667221
-148.6572169
-148.5399885
-148.4341498
-148.3142923
-148.1855298
-148.0564745
-147.9262079
-147.79977
-147.6778786
-147.5537501
-147.4344598
-147.318008
-147.2146109
-147.1071647
-146.9879893
-146.8610651
-146.736295
-146.6063155
-146.4671118
-146.3345471
-146.2045972
-146.0547103
-145.9317658
-145.811282
-145.691159
-145.5708291
-145.4558951
-145.3442373
-145.2369477
-145.1358023
-145.0530195
-144.9833823
-144.9218823
-144.8728743
-144.8407347
-144.82852
-144.8107124
-144.8000691
-144.8143958
-144.8530005
-144.8970313
-144.9341863
-144.9754181
-145.0402496
-145.1086604
-145.1568914
-145.1857852
-145.2015798
-145.2217301
-145.2398797
-145.2535596
-145.2850578
-145.3199599
-145.3512051
-145.3739708
-145.3873589
-145.4035319
-145.4098623
-145.421723
-145.4390592
-145.4506793
-145.4582585
-145.4693159
-145.4777058
-145.4755986
-145.4709704
-145.4717299
-145.4665442
-145.4508436
-145.4349763
-145.405282
-145.3461633
-145.2743293
-145.1934287
-145.0973027
-145.0023493
-144.9131962
-144.8124426
-144.708117
-144.6072363
-144.5049069
-144.3996034
-144.2918118
-144.2125796
-144.1192114
-144.0202093
-143.9315128
-143.8407444
-143.7498796
-143.6632712
-143.5791698
-143.500187
-143.4141689
-143.3383028
-143.2609279
-143.2005615
-143.1484723
-143.1038924
-143.0802686
-143.0605045
-143.047255
-143.0439254
-143.0432113
-143.047529
-143.0596816
-143.0714451
-143.0867848
-143.1306033
-143.184965
-143.2400407
-143.2961069
-143.3702026
-143.4509817
-143.5354757
-143.6226122
-143.7341527
-143.8619384
-143.9917203
-144.1215533
-144.257434
-144.4027105
-144.5395906
-144.6673262
-144.7995687
-144.9321513
-145.0629502
-145.1941754
-145.315615
-145.4428743
-145.5586147
-145.6793285
-145.8073328
-145.9398656
-146.0648888
-146.1832462
-146.3021347
-146.4175028
-146.5350888
-146.6490033
-146.7590257
-146.857561
-146.9499793
-147.0252572
-147.1171946
-147.1933564
-147.2571085
-147.3071008
-147.3761454
-147.4175948
-147.4548662
-147.4847191
-147.5145425
-147.5539813
-147.6032486
-147.6557266
-147.7010763
-147.7326288
-147.7536298
-147.7708896
-147.7812781
-147.785213
-147.7704793
-147.7454596
-147.7189405
-147.6872082
-147.6413428
-147.585442
-147.534132
-147.4878577
-147.4462515
-147.4000292
-147.3555363
-147.305487
-147.2546862
-147.2082454
-147.1751479
-147.1405293
-147.1000296
-147.0595299
-147.0190303
-147.0156592
-146.9837004
-146.9517416
-146.9197829
-146.8878241
-146.8558653
-146.8239065
-146.7919477
-146.7599889
-146.7280301
-146.6960713
-146.6641125
-146.6321537
-146.6001949
-146.5682361












































































































































































































































































































































































































































































































































































































































































































































































































































































































































