81
-2925.774148
-2937.371958
-2928.743884
-2923.56439
-2894.705773
-2897.524522
-2898.558918
-2900.976815
-2903.363923
-2900.783215
-2894.98985
-2893.788657
-2877.397128
-2872.435007
-2864.190781
-2863.0621
-2862.455934
-2864.083352
-2863.523228
-2866.732586
-2866.54395
-2870.032022
-2866.853266
-2862.365034
-2863.497253
-2865.037894
-2860.856386
-2855.348685
-2855.612903
-2856.290018
-2857.50028
-2861.322159
-2861.078726
-2864.414364
-2863.780265
-2862.332717
-2861.164923
-2858.78739
-2858.876582
-2860.630774
-2862.19787
-2865.666521
-2870.365062
-2874.374072
-2874.937395
-2878.560473
-2880.704213
-2882.499217
-2882.132982
-2883.442899
-2880.381896
-2877.296813
-2867.62916
-2861.237944
-2856.212901
-2851.051934
-2845.3269
-2841.733865
-2836.856169
-2828.031895
-2827.246247
-2825.384407
-2813.871435
-2802.125281
-2792.747322
-2783.886498
-2771.695177
-2767.140735
-2757.245877
-2745.616689
-2737.014546
-2728.048417
-2722.704822
-2714.541966
-2707.281901
-2699.227931
-2697.063162
-2694.16469
-2689.679824
-2687.036219
-2678.874127
-2673.891448
-2675.732671
-2669.592969
-2667.377268
-2661.652359
-2653.171102
-2650.251616
-2647.616357
-2645.824801
-2646.833396
-2649.046806
-2644.379481
-2647.906222
-2654.550161
-2661.721359
-2661.186128
-2667.12022
-2670.393527
-2674.571446
-2672.022222
-2668.760176
-2665.446039
-2667.861928
-2662.840684
-2661.800545
-2654.407708
-2648.064422
-2645.781852
-2638.599285
-2632.870958
-2624.869195
-2613.672137
-2605.374789
-2596.789456
-2585.714785
-2573.854373
-2564.734673
-2551.172898
-2539.515541
-2528.441589
-2519.565904
-2510.38164
-2499.466281
-2494.821273
-2484.072174
-2474.146365
-2470.269127
-2467.315927
-2461.014518
-2455.277574
-2455.338059
-2451.461778
-2454.357524
-2455.817092
-2462.300615
-2465.464667
-2471.350894
-2475.140566
-2477.180265
-2481.200394
-2480.370616
-2478.325733
-2473.404713
-2472.57802
-2474.977326
-2476.736116
-2480.883076
-2479.717506
-2479.936316
-2476.403065
-2480.949566
-2483.469125
-2478.71372
-2473.92064
-2474.750495
-2473.025767
-2464.781801
-2458.066788
-2451.623826
-2444.643802
-2441.261633
-2438.278696
-2429.371111
-2421.461939
-2411.56122
-2406.997565
-2403.07761
-2397.877906
-2391.103714
-2386.664352
-2379.900442
-2375.535241
-2364.585223
-2356.50263
-2344.980729
-2338.471086
-2333.139239
-2323.716542
-2315.517852
-2305.898024
-2295.833622
-2291.201781
-2283.010566
-2269.825664
-2263.229325
-2258.893914
-2258.525029
-2252.16331
-2249.003791
-2246.433855
-2246.027499
-2243.505731
-2243.860849
-2240.941167
-2238.593016
-2238.013158
-2236.60965
-2234.826967
-2234.128377
-2229.94818
-2227.161275
-2224.580744
-2226.325528
-2224.591702
-2225.400356
-2224.464276
-2226.172638
-2225.204404
-2223.825206
-2224.596294
-2221.699766
-2222.083413
-2224.446738
-2225.01931
-2225.534233
-2221.911589
-2220.691655
-2217.572156
-2214.567726
-2213.063775
-2208.389582
-2202.379181
-2197.040073
-2191.985517
-2187.892494
-2180.274734
-2172.695704
-2170.053634
-2167.567293
-2162.226353
-2161.369488
-2158.930243
-2157.324819
-2154.277016
-2154.558245
-2150.159152
-2147.273088
-2142.759472
-2143.61813
-2144.162705
-2141.951397
-2139.271326
-2139.241311
-2134.909545
-2130.779508
-2124.856667
-2121.720511
-2115.056597
-2108.991576
-2100.135635
-2094.851001
-2085.891732
-2073.899033
-2066.452058
-2058.507058
-2047.018293
-2039.573676
-2029.135295
-2018.964079
-2011.245631
-2002.878028
-1995.261473
-1987.033981
-1977.390079
-1969.707599
-1964.101418
-1957.058116
-1949.349323
-1941.519698
-1934.456339
-1928.857042
-1924.604465
-1918.920042
-1913.137818
-1909.093929
-1905.423564
-1901.997432
-1899.079933
-1894.534088
-1891.982538
-1889.168695
-1886.474574
-1881.615441
-1877.881365
-1874.756248
-1873.232024
-1870.609291
-1868.843328
-1867.184148
-1865.97503
-1864.554937
-1863.80603
-1860.627757
-1856.665955
-1853.692176
-1851.428901
-1847.750401
-1845.310509
-1838.10137
-1831.830569
-1824.199679
-1817.055989
-1808.999066
-1801.620646
-1794.991826
-1788.456069
-1780.167802
-1772.504045
-1766.183581
-1760.802355
-1754.552333
-1745.670306
-1736.790543
-1728.814904
-1721.044728
-1714.163621
-1707.335874
-1701.082955
-1696.750517
-1692.557048
-1687.894868
-1683.589189
-1680.010213
-1677.903693
-1675.323164
-1673.241435
-1670.208445
-1667.825894
-1666.651935
-1663.964318
-1662.103508
-1660.727089
-1660.122222
-1660.13811
-1658.91634
-1658.327855
-1660.0308
-1660.826654
-1660.216915
-1659.109065
-1658.60387
-1657.281655
-1655.88257
-1653.10599
-1651.650507
-1649.072427
-1642.915083
-1639.061262
-1635.610333
-1630.353132
-1625.307462
-1619.439974
-1614.084879
-1610.210387
-1604.493698
-1599.773803
-1594.667499
-1589.712673
-1582.95066
-1578.368127
-1570.501668
-1562.576727
-1555.627695
-1549.638613
-1543.655038
-1537.066455
-1530.404542
-1523.852821
-1517.470425
-1511.376546
-1504.357986
-1496.883962
-1491.068532
-1484.238823
-1476.701593
-1470.869774
-1463.821845
-1457.46525
-1452.562773
-1448.969046
-1444.77833
-1440.148454
-1434.664595
-1430.263702
-1425.425888
-1420.859055
-1418.295138
-1416.589
-1413.207565
-1408.87972
-1405.495747
-1403.197048
-1399.068149
-1395.716835
-1392.235953
-1389.477565
-1386.140444
-1382.418609
-1378.143046
-1374.538446
-1370.795967
-1367.461342
-1363.686475
-1360.57064
-1357.290109
-1353.235246
-1349.809813
-1346.558223
-1344.183671
-1341.848332
-1339.632458
-1337.616465
-1334.572268
-1332.266414
-1329.916076
-1326.106278
-1322.625896
-1318.45461
-1314.116331
-1310.290272
-1305.396308
-1302.31814
-1298.546609
-1294.703058
-1290.334178
-1286.834394
-1281.167591
-1276.485202
-1271.982878
-1268.189604
-1263.360805
-1258.711366
-1255.588402
-1251.767137
-1249.339434
-1244.879088
-1239.588056
-1234.434677
-1229.522455
-1224.510606
-1218.859876
-1214.014726
-1209.028788
-1204.525139
-1200.088174
-1195.987285
-1191.590046
-1188.406127
-1185.255535
-1180.964395
-1177.725929
-1174.632711
-1171.389526
-1167.788648
-1165.905491
-1163.664374
-1159.774389
-1156.752099
-1152.887925
-1149.092337
-1144.93443
-1140.606249
-1136.154
-1131.630923
-1125.214947
-1120.159701
-1114.480447
-1109.239911
-1103.614789
-1097.106332
-1090.943947
-1085.4526
-1080.732555
-1076.042227
-1071.455856
-1066.637721
-1062.159966
-1058.263227
-1054.599527
-1050.965701
-1047.191712
-1044.605763
-1042.124976
-1039.098057
-1036.504972
-1032.650673
-1029.130362
-1025.297809
-1022.689565
-1019.950775
-1016.733753
-1013.506763
-1009.774958
-1006.582148
-1002.159036
-998.689647
-996.6420295
-992.6178891
-989.1967326
-985.1324424
-981.291888
-977.2393385
-973.8023005
-969.3993953
-964.9022939
-960.539314
-956.7020493
-953.3927043
-949.6722298
-945.4894811
-941.7967177
-937.8522138
-933.5096881
-929.4206421
-925.3759262
-921.5030425
-917.5393885
-914.1808933
-910.6119493
-907.2701823
-903.8416979
-900.1938776
-897.3854468
-893.5833999
-890.9335658
-888.0689452
-885.0495171
-882.3609192
-879.3045255
-875.9850678
-872.6961269
-869.3035006
-865.5957964
-862.2383621
-858.4891763
-854.5782606
-850.5370334
-846.4900817
-842.5042132
-838.7310042
-835.0176206
-831.3856548
-828.017623
-824.9417416
-821.1455366
-817.0008385
-813.2331336
-809.3801397
-805.4657498
-801.6084502
-797.3751771
-793.2159224
-789.6828951
-785.6335865
-781.0270738
-776.4279927
-772.0515399
-768.2592429
-764.357476
-760.2411689
-755.6014969
-751.8459765
-747.1248935
-742.809712
-738.4707695
-734.9249654
-730.6981239
-726.9739172
-723.5094791
-720.5029652
-717.094646
-714.1083985
-711.8418076
-709.0861724
-706.3188056
-703.5688773
-700.5412655
-697.6036405
-694.9678883
-692.5143999
-689.8729503
-687.2692826
-683.9798217
-681.7924689
-679.6741898
-676.9322951
-673.9921516
-672.0949695
-670.0448756
-667.8019515
-665.597003
-663.6936948
-660.8060016
-657.3503876
-654.1929907
-650.7942821
-647.3679467
-644.5387097
-641.195649
-637.7992358
-634.6866301
-631.2482558
-627.6022345
-623.2951461
-618.8661321
-614.3372765
-610.212618
-606.0984687
-602.1892124
-598.2809723
-594.3874419
-590.2907643
-585.73096
-581.6428852
-577.239625
-572.7115557
-568.2581545
-563.7351825
-559.404187
-555.0583724
-550.7125577
-546.366743
-542.0209284
-537.6751137
-533.329299
-528.9834844
-524.6376697
-520.291855
-515.9460404
-511.6002257
-507.254411
-502.9085964
-498.5627817

















































































































































































































































































































































































































































































































































































































































































































































































































































































































































































