81
-1436.635563
-1391.495938
-1342.595906
-1301.605979
-1259.637068
-1230.574308
-1204.168855
-1175.493829
-1145.946412
-1116.201273
-1087.419461
-1061.917138
-1035.171029
-1013.381925
-992.9435529
-975.704673
-960.6379649
-948.3375261
-937.2985788
-928.6423206
-920.7817779
-914.9978017
-908.7845219
-903.661767
-901.0494589
-899.7311356
-898.1749926
-897.0234905
-897.8213833
-899.1532932
-901.0754105
-903.5840005
-905.6340327
-908.5481362
-910.9232635
-913.1374205
-915.2830102
-917.115744
-919.1966429
-921.2592145
-922.9382872
-924.6137416
-926.1349355
-927.1599123
-927.0711384
-926.9834203
-926.0633391
-924.3595695
-921.7973142
-918.952998
-914.8958911
-910.1947559
-904.0695668
-898.0159296
-891.6989279
-885.1198048
-878.195113
-871.3566202
-864.177842
-856.3202115
-849.6457823
-842.7620199
-834.4647704
-826.1880249
-818.4066109
-810.8721409
-803.1174632
-796.6754692
-789.7007499
-782.7761855
-776.5587348
-770.6685178
-765.5330065
-760.3792656
-755.6937618
-751.1562012
-747.7053442
-744.367087
-741.0995082
-738.2899599
-735.0647016
-732.4947293
-730.9289505
-728.5851661
-726.9394154
-724.9097701
-722.6384403
-721.0849434
-719.6209411
-718.3727582
-717.4557869
-716.6902657
-715.1588593
-714.3741502
-713.8284445
-713.1987694
-711.7002073
-710.8235864
-709.5818492
-708.2146951
-705.9776755
-703.3830718
-700.6200942
-698.2670509
-694.9360746
-691.7554136
-687.8699313
-683.9332657
-680.2097136
-675.9595606
-671.6708336
-667.0490931
-662.0343094
-657.2143043
-652.3451027
-647.1706129
-641.843476
-636.8417362
-631.422465
-626.1862349
-621.1086211
-616.2695319
-611.4682952
-606.5692259
-602.274686
-597.6052493
-593.1535685
-589.3162847
-585.6947483
-581.912787
-578.2778847
-575.1630141
-571.8547105
-569.1004388
-566.3896487
-564.1630422
-561.8267695
-559.7086702
-557.4599004
-555.1775893
-553.0464636
-550.6175578
-548.1692982
-545.5083745
-543.3438163
-541.3382562
-539.3617566
-537.5881698
-535.4303506
-533.1483038
-530.6011616
-528.4299613
-526.1488481
-523.4710002
-520.75018
-518.1555663
-515.2807163
-512.1322488
-508.9859492
-506.0170249
-503.019759
-500.1862529
-497.3134463
-494.1768362
-490.9935831
-487.8041259
-484.7472748
-481.6600276
-478.5588226
-475.3048366
-472.1427722
-468.9332264
-465.7727997
-462.3008686
-458.9457743
-455.5065632
-452.2453077
-448.9902269
-445.5859789
-442.2018005
-438.7836339
-435.3782705
-432.1676574
-428.9148005
-425.6231683
-422.3883991
-419.2377139
-416.1760245
-413.0624176
-409.9844883
-406.9906477
-404.0826155
-401.0888636
-398.1916261
-395.3978645
-392.6024088
-389.9036355
-387.2060681
-384.5293803
-381.8839377
-379.2850866
-376.7387496
-374.273607
-371.8066661
-369.3127312
-366.7285959
-364.314522
-361.7906558
-359.3136724
-356.8596696
-354.299507
-351.8225746
-349.2361604
-346.6266712
-344.0873143
-341.5626431
-339.0568253
-336.4605771
-334.0069127
-331.4738207
-328.8948814
-326.369874
-323.8152502
-321.2847478
-318.7705427
-316.1693259
-313.6845918
-311.1327167
-308.3876665
-305.7724397
-303.2065655
-300.476485
-297.8803821
-295.2706412
-292.7860371
-290.1726363
-287.6889996
-285.1879794
-282.7503495
-280.0858366
-277.4964649
-275.0823672
-272.6747669
-270.2024891
-268.0277341
-265.832184
-263.7682303
-261.6183371
-259.6871676
-257.7366936
-255.9820402
-254.0434649
-252.3421339
-250.8548879
-249.0699962
-247.3228158
-245.8539111
-244.124828
-242.7001692
-241.3933716
-239.9670231
-238.6987273
-237.4248742
-236.2029033
-235.0406909
-233.7997979
-232.4697876
-231.2698186
-230.0931187
-228.888285
-227.6240178
-226.2915242
-224.8948033
-223.5896318
-222.2623717
-220.8651954
-219.4963379
-218.0724779
-216.7072264
-215.4459844
-214.0230086
-212.6140882
-211.1915074
-209.9630247
-208.6633731
-207.357063
-205.8707994
-204.4549951
-202.9727776
-201.5076635
-200.0475739
-198.5797722
-197.0422568
-195.7071453
-194.4554416
-193.1200245
-191.7538278
-190.602924
-189.2565701
-188.4172492
-187.5103479
-186.7337104
-185.9099245
-185.1337454
-184.3046607
-183.4192743
-182.5420548
-181.8140041
-181.0516277
-180.1608392
-179.1809334
-178.290632
-177.698046
-177.1423374
-176.4704429
-175.7278087
-174.8992008
-174.0855788
-173.2817091
-172.2754466
-171.236469
-170.2346585
-169.2189806
-168.2188399
-166.9799571
-165.8958918
-164.8170041
-163.8437581
-162.8594461
-161.7304154
-160.8609989
-159.8912594
-158.9584947
-158.0193682
-157.0645923
-156.3376901
-155.5637754
-154.4378362
-153.469255
-152.7597906
-152.188569
-151.564075
-151.0598435
-150.5126113
-150.1303401
-149.6344321
-149.2735066
-149.347641
-149.0776194
-148.7837021
-148.7149738
-148.5078749
-148.4074109
-148.2528105
-147.8556996
-147.6271027
-147.2553509
-147.0275431
-146.7180371
-146.5697518
-146.1573221
-146.2116576
-146.2456309
-146.1181507
-145.846164
-145.6047126
-145.4604398
-145.3354407
-145.2526866
-145.1961623
-145.1444328
-145.2402687
-145.4155146
-145.3709118
-145.4553222
-145.7026264
-145.7126989
-145.9146346
-146.0822476
-146.0074889
-145.7439561
-145.6156298
-145.5876251
-145.699812
-145.6456092
-145.6803477
-145.7200086
-145.5153796
-145.2431738
-145.1941445
-145.3053533
-145.2778664
-145.1228359
-145.2354496
-145.2552445
-145.3151634
-145.2713634
-145.3262854
-145.41279
-145.579326
-145.6383746
-145.7059454
-145.6726937
-145.7095223
-145.6239617
-145.5222352
-145.5225044
-145.4286153
-145.2777958
-145.0147247
-144.7300449
-144.4239632
-144.0203388
-143.6336852
-143.1586385
-142.7040109
-142.4285317
-142.0292652
-141.7585994
-141.4902361
-141.1237186
-140.9212189
-140.3811675
-139.9862707
-139.5988716
-139.2383738
-138.7438895
-138.6775422
-138.4913487
-138.3026945
-138.0056251
-137.7913721
-137.525523
-136.9776111
-136.6120464
-136.0090258
-135.7714738
-135.7309771
-135.6337703
-135.518513
-135.4678268
-135.6042469
-135.6191962
-135.668914
-135.6121696
-135.5991488
-135.5397397
-135.5735125
-135.46208
-135.3416944
-135.412404
-135.3185399
-135.2180264
-135.11132
-135.1165471
-134.7752296
-134.54839
-134.6433973
-134.5792166
-134.6835935
-134.7463738
-134.8774949
-135.0482553
-135.242358
-135.4449558
-135.9488983
-136.2259112
-136.6260539
-136.9174279
-137.2646225
-137.7432597
-138.1452016
-138.4144034
-138.5323936
-138.631076
-138.6972937
-138.8190927
-138.8623381
-138.7811103
-138.6622475
-138.5137364
-138.3804714
-138.0563066
-137.7131702
-137.4687758
-137.1073318
-136.9743079
-136.8182393
-136.753697
-136.4035891
-136.0594834
-135.8399743
-135.6234428
-135.5579139
-135.3764275
-135.4742494
-135.3731229
-135.0361537
-135.181419
-135.1439929
-135.1286603
-135.0407312
-135.0011532
-134.8673795
-134.9039733
-134.9796595
-135.0624211
-135.0311893
-134.8804314
-134.8687672
-134.9860842
-134.9615994
-134.9648754
-135.078913
-135.1564289
-135.2668747
-135.2965889
-135.3673392
-135.296232
-135.259589
-135.1362327
-135.1010565
-135.0891003
-134.8466163
-134.8233451
-134.5783622
-134.389489
-134.2025101
-133.9571616
-133.8249547
-133.8027502
-133.7859664
-133.8022648
-133.9031923
-133.9549253
-134.1177656
-134.3405182
-134.5503551
-134.7839498
-135.0457436
-135.2733323
-135.484373
-135.725271
-135.9045015
-135.9991532
-136.2589295
-136.6204313
-136.8959189
-137.1870062
-137.4879112
-137.7589251
-138.0772144
-138.364397
-138.5314889
-138.7851888
-139.1949691
-139.5794658
-139.897768
-140.0513283
-140.2411466
-140.4803446
-140.8127789
-140.9114689
-141.2573874
-141.5116257
-141.7739154
-141.81682
-142.0068258
-142.0725746
-142.0719654
-141.954724
-141.9246177
-141.7544418
-141.4421828
-141.2375014
-141.068061
-140.9022638
-140.8157328
-140.7192284
-140.5760022
-140.3820441
-140.2474816
-140.1239167
-140.1956216
-140.0155602
-139.8272223
-139.7989954
-139.8386001
-139.6016854
-139.3688771
-139.2156473
-139.0934
-138.8817492
-138.9472227
-139.2377867
-139.4722123
-139.7591848
-140.0365457
-140.0733726
-140.2651224
-140.4312679
-140.5083207
-140.6822253
-140.9301974
-141.3899093
-141.8980623
-142.4726558
-142.8932881
-143.3441172
-143.8330122
-144.4079647
-144.9779434
-145.7050413
-146.237164
-146.6013601
-147.022578
-147.459153
-147.847066
-148.2358282
-148.5694932
-148.9827592
-149.3960252
-149.8092911
-150.2225571
-150.6358231
-151.049089
-151.462355
-151.875621
-152.2888869
-152.7021529
-153.1154188
-153.5286848
-153.9419508
-154.3552167





































































































































































































































































































































































































































































































































































































































































































































