0
-2855.564355
-2855.564355
-2853.444411
-2851.324468
-2849.204524
-2846.024608
-2842.844692
-2842.844692
-2842.844692
-2839.664777
-2836.484861
-2836.484861
-2836.484861
-2833.304945
-2830.125029
-2826.945114
-2823.765198
-2823.765198
-2823.765198
-2823.765198
-2823.765198
-2820.585282
-2817.405366
-2814.22545
-2811.045534
-2807.865619
-2804.685703
-2798.325872
-2791.96604
-2791.96604
-2791.96604
-2789.846096
-2787.726152
-2785.606208
-2782.426293
-2779.246377
-2776.066461
-2772.886545
-2769.70663
-2766.526714
-2763.346798
-2760.166882
-2756.986966
-2753.807051
-2750.627135
-2747.447219
-2741.087387
-2734.727556
-2734.727556
-2734.727556
-2731.547641
-2728.367725
-2725.187809
-2722.007893
-2722.007893
-2722.007893
-2719.887949
-2717.768006
-2715.648062
-2712.468146
-2709.28823
-2709.28823
-2709.28823
-2706.108315
-2702.928399
-2699.748483
-2696.568567
-2696.568567
-2696.568567
-2693.388651
-2690.208735
-2687.02882
-2683.848904
-2680.668988
-2677.489072
-2674.309157
-2671.129241
-2667.949325
-2664.769409
-2661.589493
-2658.409578
-2655.229662
-2652.049746
-2648.869831
-2645.689915
-2643.569971
-2641.450027
-2639.330083
-2636.150168
-2632.970252
-2632.970252
-2632.970252
-2629.790336
-2626.61042
-2626.61042
-2626.61042
-2623.430505
-2620.250589
-2617.070673
-2613.890757
-2610.710842
-2607.530926
-2604.35101
-2601.171094
-2601.171094
-2601.171094
-2597.991179
-2594.811263
-2591.631347
-2588.451431
-2585.271516
-2582.0916
-2578.911684
-2575.731768
-2573.611824
-2571.491881
-2569.371937
-2566.192021
-2563.012105
-2559.832189
-2556.652273
-2553.472358
-2550.292442
-2550.292442
-2550.292442
-2550.292442
-2550.292442
-2547.112526
-2543.93261
-2540.752695
-2537.572779
-2534.392863
-2531.212947
-2528.033032
-2524.853116
-2521.6732
-2518.493284
-2515.313369
-2512.133453
-2512.133453
-2512.133453
-2505.773622
-2499.41379
-2499.41379
-2499.41379
-2499.41379
-2493.053959
-2486.694127
-2483.514211
-2480.334295
-2477.15438
-2473.974464
-2470.794548
-2467.614632
-2464.434717
-2461.254801
-2461.254801
-2461.254801
-2458.074885
-2454.894969
-2451.715054
-2448.535138
-2448.535138
-2448.535138
-2445.355222
-2442.175306
-2438.99539
-2435.815474
-2435.815474
-2435.815474
-2432.635559
-2429.455643
-2429.455643
-2429.455643
-2429.455643
-2426.275727
-2423.095811
-2419.915896
-2416.73598
-2410.376149
-2404.016317
-2400.836401
-2397.656485
-2394.47657
-2391.296654
-2388.116738
-2384.936822
-2381.756907
-2378.576991
-2375.397075
-2372.217159
-2369.037244
-2365.857328
-2362.677412
-2359.497496
-2356.317581
-2353.137665
-2349.957749
-2346.777833
-2346.777833
-2346.777833
-2346.777833
-2343.597918
-2340.418002
-2340.418002
-2340.418002
-2337.238086
-2334.05817
-2334.05817
-2334.05817
-2330.878255
-2327.698339
-2324.518423
-2321.338507
-2318.158591
-2314.978675
-2311.79876
-2308.618844
-2305.438928
-2302.259012
-2299.079097
-2295.899181
-2289.53935
-2283.179518
-2283.179518
-2283.179518
-2279.999602
-2276.819686
-2274.699742
-2272.579799
-2270.459855
-2267.279939
-2264.100023
-2260.920108
-2257.740192
-2254.560276
-2251.38036
-2248.200445
-2245.020529
-2241.840613
-2238.660697
-2235.480782
-2232.300866
-2229.12095
-2225.941034
-2222.761119
-2219.581203
-2216.401287
-2213.221371
-2210.041455
-2206.86154
-2203.681624
-2200.501708
-2197.321792
-2194.141876
-2194.141876
-2194.141876
-2194.141876
-2190.961961
-2187.782045
-2184.602129
-2181.422213
-2181.422213
-2181.422213
-2178.242298
-2175.062382
-2171.882466
-2168.70255
-2165.522635
-2162.342719
-2162.342719
-2162.342719
-2155.982888
-2149.623056
-2146.44314
-2143.263224
-2140.083309
-2136.903393
-2133.723477
-2130.543561
-2127.363646
-2124.18373
-2121.003814
-2117.823898
-2115.703954
-2113.584011
-2111.464067
-2108.284151
-2105.104235
-2101.92432
-2098.744404
-2092.384573
-2086.024741
-2086.024741
-2086.024741
-2082.844825
-2079.664909
-2079.664909
-2079.664909
-2076.484993
-2073.305077
-2070.125162
-2066.945246
-2066.945246
-2066.945246
-2063.76533
-2060.585414
-2054.225583
-2047.865751
-2044.685836
-2041.50592
-2035.146089
-2028.786257
-2025.606341
-2022.426425
-2020.306481
-2018.186538
-2016.066594
-2012.886678
-2009.706762
-2006.526847
-2003.346931
-1996.9871
-1990.627268
-1987.447352
-1984.267436
-1981.087521
-1977.907605
-1974.727689
-1971.547773
-1968.367858
-1965.187942
-1958.82811
-1952.468278
-1952.468278
-1952.468278
-1949.288363
-1946.108447
-1942.928531
-1939.748615
-1936.5687
-1933.388784
-1930.208868
-1927.028952
-1924.909008
-1922.789065
-1920.669121
-1917.489205
-1914.309289
-1911.129374
-1907.949458
-1901.589627
-1895.229795
-1892.049879
-1888.869963
-1885.690048
-1882.510132
-1879.330216
-1876.1503
-1876.1503
-1876.1503
-1869.790468
-1863.430637
-1857.070806
-1850.710974
-1847.531059
-1844.351143
-1844.351143
-1844.351143
-1837.991311
-1831.631479
-1825.271648
-1818.911816
-1816.791872
-1814.671929
-1812.551985
-1806.192154
-1799.832322
-1796.652406
-1793.47249
-1787.112659
-1780.752827
-1777.572912
-1774.392996
-1768.033165
-1761.673333
-1758.493417
-1755.313501
-1748.95367
-1742.593838
-1739.413923
-1736.234007
-1733.054091
-1729.874175
-1726.69426
-1723.514344
-1723.514344
-1723.514344
-1720.334428
-1717.154512
-1713.974597
-1710.794681
-1708.674737
-1706.554793
-1704.434849
-1701.254933
-1698.075017
-1694.895101
-1691.715186
-1685.355355
-1678.995523
-1682.175439
-1685.355354
-1682.175439
-1678.995523
-1675.815607
-1672.635691
-1666.27586
-1659.916028
-1653.556197
-1647.196365
-1644.01645
-1640.836534
-1637.656618
-1634.476702
-1628.116871
-1621.757039
-1615.397208
-1609.037376
-1606.917432
-1604.797489
-1602.677545
-1599.497629
-1596.317713
-1593.137798
-1589.957882
-1583.59805
-1577.238218
-1570.878387
-1564.518555
-1561.33864
-1558.158724
-1554.978808
-1551.798892
-1545.43906
-1539.079229
-1535.899314
-1532.719398
-1529.539482
-1526.359566
-1519.999735
-1513.639903
-1510.459988
-1507.280072
-1504.100156
-1500.92024
-1497.740325
-1494.560409
-1492.440465
-1490.320521
-1488.200577
-1485.020662
-1481.840746
-1481.840746
-1481.840746
-1475.480915
-1469.121083
-1465.941167
-1462.761251
-1459.581335
-1456.401419
-1450.041587
-1443.681756
-1443.681756
-1443.681756
-1440.501841
-1437.321925
-1430.962094
-1424.602262
-1418.242431
-1411.882599
-1405.522768
-1399.162936
-1392.803105
-1386.443273
-1380.083442
-1373.72361
-1371.603666
-1369.483722
-1367.363778
-1367.363778
-1367.363778
-1364.183863
-1361.003947
-1361.003947
-1361.003947
-1354.644116
-1348.284284
-1341.924452
-1335.56462
-1332.384705
-1329.204789
-1326.024873
-1322.844957
-1319.665042
-1316.485126
-1313.30521
-1310.125294
-1303.765463
-1297.405631
-1294.225716
-1291.0458
-1284.685969
-1278.326137
-1271.966306
-1265.606474
-1262.426558
-1259.246642
-1255.006754
-1250.766867
-1246.526979
-1243.347063
-1240.167148
-1236.987232
-1233.807316
-1230.627401
-1227.447485
-1221.087653
-1214.727821
-1211.547906
-1208.36799
-1202.008159
-1195.648327
-1195.648327
-1195.648327
-1189.288496
-1182.928664
-1176.568833
-1170.209001
-1167.029085
-1163.849169
-1160.669254
-1157.489338
-1154.309422
-1151.129506
-1146.889618
-1142.649731
-1138.409843
-1135.229928
-1132.050012
-1128.870096
-1125.69018
-1122.510265
-1119.330349
-1112.970518
-1106.610686
-1103.43077
-1100.250854
-1093.891023
-1087.531191
-1084.351275
-1081.171359
-1081.171359
-1081.171359
-1074.811528
-1068.451696
-1065.271781
-1062.091865
-1055.732034
-1049.372202
-1046.192286
-1043.01237
-1039.832455
-1036.652539
-1036.652539
-1036.652539
-1036.652539
-1033.472623
-1030.292707
-1027.112792
-1023.932876
-1017.573044
-1011.213213
-1011.213213
-1011.213213
-1004.853381
-998.4935496
-995.3136339
-992.1337181
-988.9538023
-985.7738865
-979.414055
-973.0542235
-969.8743078
-966.694392
-960.3345605
-953.9747289
-950.7948132
-947.6148974
-944.4349817
-941.2550659
-934.8952344
-928.5354028
-926.415459
-924.2955151
-922.1755713
-918.9956556
-915.8157398
-909.4559083
-903.0960767
-899.916161
-896.7362452
-893.5563295
-890.3764137
-887.1964979
-884.0165821
-877.6567506
-871.2969191
-868.1170033
-864.9370875
-861.7571718
-858.577256
-855.3973403
-852.2174245
-845.857593
-839.4977614
-833.1379299
-826.7780984
-826.7780984
-826.7780984
-820.4182669
-814.0584353
-811.9384915
-809.8185476
-807.6986038
-801.3387723
-794.9789408
-791.799025
-788.6191092
-782.2592777
-775.8994462
-772.7195305
-769.5396147
-766.3596989
-763.1797831
-756.8199516
-750.4601201
-747.2802044
-744.1002886
-744.1002886
-744.1002886
-740.9203728
-737.740457
-734.5605412
-731.3806255
-728.2007098
-725.020794
-718.6609624
-712.3011309
-712.3011309
-712.3011309
-712.3011309
-709.1212152
-705.9412994
-702.7613837
-699.5814679
-693.2216363
-686.8618048
-680.5019733
-674.1421418
-667.7823103
-661.4224787
-658.242563
-655.0626472
-648.7028157
-642.3429841
-635.9831526
-629.6233211
-629.6233211
-629.6233211
-626.4434053
-623.2634896
-616.9036581
-610.5438265
-607.3639108
-604.183995
-597.8241635
-591.4643319
-589.3443881
-587.2244442
-585.1045004
-578.7446689
-572.3848374
-566.0250059
-559.6651743
-559.6651743
-559.6651743
-553.3053428
-546.9455113
-543.7655955
-540.5856797
-534.2258482
-527.8660167
-521.5061852
-515.1463536
-511.9664379
-508.7865221
-502.4266906
-496.066859
-496.066859
-496.066859
-492.8869433
-489.7070275
-486.5271118
-483.347196
-480.1672803
-476.9873645
-472.7474768
-468.5075891
-464.2677014
-461.0877857
-457.9078699
-454.7279541
-451.5480384
-448.3681226
-445.1882068
-442.0082911
-438.8283753
-432.4685438
-426.1087123
-422.9287965
-419.7488807
-419.7488807
-419.7488807
-413.3890492
-407.0292177
-403.849302
-400.6693862
-397.4894704
-394.3095546
-387.9497231
-381.5898916
-378.4099759
-375.2300601
-372.0501443
-368.8702285
-365.6903128
-362.510397
-356.1505655
-349.790734
-347.6707901
-345.5508463
-343.4309024
-337.0710709
-330.7112394
-327.5313236
-324.3514078
-317.9915763
-311.6317448
-308.4518291
-305.2719133
-298.9120817
-292.5522502
-289.3723345
-286.1924187
-283.012503
-279.8325872
-275.5926995
-271.3528118
-267.1129241
-260.7530926
-257.5731769
-254.3932611
-251.2133453
-248.0334295
-245.9134857
-243.7935418
-241.673598
-238.4936823
-235.3137665
-228.953935
-222.5941034
-219.4141877
-216.2342719
-213.0543562
-209.8744404
-206.6945247
-203.5146089
-197.1547774
-190.7949458
-187.6150301
-184.4351143
-178.0752827
-171.7154512
-168.5355355
-165.3556197
-162.175704
-158.9957882
-155.8158724
-152.6359566
-146.2761251
-139.9162936
-136.7363779
-133.5564621
-131.4365182
-129.3165744
-127.1966305
-124.0167148
-120.836799
-117.6568832
-114.4769675
-111.2970518
-108.117136
-104.9372202
-101.7573044
-98.57738866
-95.39747291
-92.21755715
-89.03764139
-82.67780986
-76.31797833
-73.13806257
-69.95814681
-63.59831528
-57.23848375
-54.05856799
-50.87865223
-44.5188207
-38.15898917
-34.97907341
-31.79915765
-29.67921381
-27.55926996
-25.43932612
-22.25941036
-19.0794946
-15.89957884
-12.71966307
-6.359831544
-1.86E-08
3.179915745
6.359831508
12.71966303
19.07949456
19.07949456
19.07949456
25.43932609
31.79915761
34.97907338
38.15898914
41.3389049
44.51882066
47.69873643
50.87865219
57.23848372
63.59831524
66.77823101
69.95814677
73.13806253
76.31797829
78.43792213
80.55786598
82.67780982
85.85772559
89.03764135
92.21755711
95.39747287
95.39747287
95.39747287
101.7573044
108.1171359
111.2970517
114.4769674
117.6568832
120.836799
127.1966305
133.556462
136.7363778
139.9162936
146.2761251
152.6359566
158.9957882
165.3556197
168.5355355
171.7154512
178.0752827
184.4351142
186.5550581
188.6750019
190.7949458
197.1547773
203.5146088
206.6945245
209.8744403
213.0543561
216.2342719
222.5941034
228.9539349
232.1338507
235.3137664
241.673598
248.0334295
251.2133453
254.393261
257.5731768
260.7530925
263.9330083
267.1129241
273.4727556
279.8325871
283.0125029
286.1924186
292.5522501
298.9120817
302.0919975
305.2719132
305.2719132
305.2719132
305.2719132
311.6317448
317.9915763
321.1714921
324.3514078
327.5313236
330.7112393
333.8911551
337.0710709
340.2509866
343.4309024
346.6108182
349.7907339
349.7907339
349.7907339
356.1505655
362.510397
365.6903128
368.8702285
372.0501443
375.23006
378.4099758
381.5898915
387.9497231
394.3095546
400.6693861
407.0292176
409.1491615
411.2691053
413.3890492
419.7488807
426.1087122
432.4685438
438.8283753
442.0082911
445.1882068
448.3681225
451.5480383
454.7279541
457.9078698
461.0877856
464.2677014
470.6275329
476.9873644
476.9873644
476.9873644
480.1672802
483.347196
486.5271118
489.7070275
492.8869433
496.066859
498.1868028
500.3067467
502.4266905
505.6066063
508.7865221
511.9664379
515.1463536
518.3262694
521.5061851
521.5061851
521.5061851
524.6861009
527.8660166
531.0459324
534.2258482
537.4057639
540.5856797
543.7655955
546.9455112
550.125427
553.3053427
555.4252866
557.5452304
559.6651743
562.8450901
566.0250058
569.2049216
572.3848373
575.5647531
578.7446688
581.9245846
585.1045004
585.1045004
585.1045004
588.2844162
591.4643319
585.1045004
578.7446688
588.2844161
597.8241634
601.0040792
604.1839949
607.3639107
610.5438265
612.6637703
614.7837142
616.903658
620.0835737
623.2634895
626.4434053
629.623321
632.8032368
635.9831526
639.1630684
642.3429841
642.3429841
642.3429841
645.5228998
648.7028156
651.8827314
655.0626472
658.242563
661.4224787
664.6023945
667.7823102
670.962226
674.1421417
677.3220575
680.5019733
683.6818891
686.8618048
688.9817486
691.1016925
693.2216363
696.4015521
699.5814678
699.5814678
699.5814678
702.7613836
705.9412994
709.1212152
712.3011309
715.4810467
718.6609624
721.8408782
725.0207939
728.2007097
731.3806255
734.5605412
737.740457
740.9203728
744.1002885
747.2802043
750.46012
750.46012
750.46012
753.6400358
756.8199516
758.9398954
761.0598393
763.1797831
766.3596989
769.5396146
772.7195304
775.8994461
779.0793619
782.2592777
785.4391935
788.6191092
791.799025
794.9789407
















































































































































































































































































































































































































































































































































































































































































































































