0
-1134.601787
-1134.601787
-1132.765862
-1130.929936
-1129.094011
-1126.340124
-1123.586236
-1120.832348
-1118.07846
-1118.07846
-1118.07846
-1115.324572
-1112.570684
-1109.816797
-1107.062909
-1104.309021
-1101.555133
-1098.801245
-1096.047357
-1093.29347
-1090.539582
-1087.785694
-1085.031806
-1082.277918
-1079.52403
-1076.770143
-1074.016255
-1068.508479
-1063.000703
-1063.000703
-1063.000703
-1061.164778
-1059.328853
-1057.492928
-1054.73904
-1051.985152
-1049.231264
-1046.477376
-1043.723489
-1040.969601
-1038.215713
-1035.461825
-1032.707937
-1029.954049
-1027.200162
-1024.446274
-1021.692386
-1018.938498
-1016.18461
-1013.430722
-1010.676835
-1007.922947
-1007.922947
-1007.922947
-1005.169059
-1002.415171
-1000.579246
-998.7433206
-996.9073954
-994.1535076
-991.3996197
-991.3996197
-991.3996197
-988.6457319
-985.8918441
-983.1379563
-980.3840684
-980.3840684
-980.3840684
-977.6301806
-974.8762927
-969.3685171
-963.8607414
-961.1068536
-958.3529658
-955.599078
-952.8451901
-950.0913022
-947.3374144
-941.8296388
-936.3218631
-933.5679753
-930.8140874
-928.0601996
-925.3063118
-923.4703866
-921.6344613
-919.7985361
-914.2907605
-908.7829848
-906.0290969
-903.2752091
-900.5213213
-897.7674334
-897.7674334
-897.7674334
-895.0135456
-892.2596578
-892.2596578
-892.2596578
-889.50577
-886.7518821
-883.9979942
-881.2441064
-878.4902186
-875.7363308
-872.982443
-870.2285551
-867.4746673
-864.7207794
-861.9668916
-859.2130038
-856.459116
-853.7052281
-853.7052281
-853.7052281
-853.7052281
-848.1974525
-842.6896768
-839.935789
-837.1819011
-834.4280133
-831.6741254
-828.9202376
-826.1663498
-823.412462
-820.6585741
-817.9046863
-815.1507985
-812.3969107
-809.6430228
-809.6430228
-809.6430228
-806.889135
-804.1352471
-801.3813593
-798.6274715
-795.8735837
-793.1196958
-790.365808
-787.6119201
-784.8580323
-782.1041445
-778.432294
-774.7604436
-771.0885931
-768.3347053
-765.5808175
-762.8269297
-760.0730418
-760.0730418
-760.0730418
-754.5652662
-749.0574905
-746.3036026
-743.5497148
-743.5497148
-743.5497148
-738.0419392
-732.5341635
-732.5341635
-732.5341635
-729.7802757
-727.0263878
-724.2725
-721.5186121
-718.7647243
-716.0108365
-713.2569486
-710.5030608
-710.5030608
-710.5030608
-708.6671356
-706.8312103
-704.9952851
-702.2413973
-699.4875095
-696.7336217
-693.9797338
-691.225846
-688.4719582
-685.7180704
-682.9641825
-680.2102946
-677.4564068
-671.9486312
-666.4408555
-663.6869677
-660.9330798
-658.179192
-655.4253042
-652.6714164
-649.9175285
-647.1636406
-644.4097528
-641.655865
-638.9019772
-638.9019772
-638.9019772
-637.066052
-635.2301267
-633.3942015
-630.6403137
-627.8864258
-627.8864258
-627.8864258
-625.132538
-622.3786502
-619.6247624
-616.8708745
-614.1169867
-611.3630988
-608.609211
-605.8553232
-603.1014354
-600.3475475
-597.5936597
-594.8397718
-589.3319962
-583.8242205
-581.0703327
-578.3164448
-575.562557
-572.8086692
-572.8086692
-572.8086692
-567.3008936
-561.7931179
-559.9571927
-558.1212674
-556.2853422
-556.2853422
-556.2853422
-553.5314544
-550.7775665
-548.0236787
-545.2697909
-542.515903
-539.7620152
-537.0081274
-534.2542395
-531.5003517
-528.7464639
-525.9925761
-523.2386882
-520.4848004
-517.7309125
-514.9770247
-512.2231369
-509.4692491
-506.7153612
-503.9614734
-501.2075855
-498.4536977
-495.6998099
-495.6998099
-495.6998099
-495.6998099
-492.9459221
-490.1920342
-487.4381464
-484.6842585
-484.6842585
-484.6842585
-481.9303707
-479.1764829
-476.4225951
-473.6687072
-470.9148194
-468.1609315
-465.4070437
-462.6531559
-459.8992681
-457.1453802
-454.3914924
-451.6376045
-448.8837167
-446.1298289
-443.3759411
-440.6220532
-437.8681654
-435.1142776
-435.1142776
-435.1142776
-431.4424271
-427.7705767
-424.0987262
-424.0987262
-424.0987262
-421.3448384
-418.5909506
-413.0831749
-407.5753992
-407.5753992
-407.5753992
-404.8215114
-402.0676236
-402.0676236
-402.0676236
-399.3137358
-396.5598479
-393.8059601
-391.0520722
-391.0520722
-391.0520722
-388.2981844
-385.5442966
-382.7904088
-380.0365209
-377.2826331
-374.5287452
-371.7748574
-369.0209696
-366.2670818
-363.5131939
-361.6772687
-359.8413434
-358.0054182
-355.2515304
-352.4976426
-352.4976426
-352.4976426
-349.7437548
-346.9898669
-344.235979
-341.4820912
-338.7282034
-335.9743156
-335.9743156
-335.9743156
-333.2204278
-330.4665399
-327.7126521
-324.9587642
-324.9587642
-324.9587642
-322.2048764
-319.4509886
-319.4509886
-319.4509886
-316.6971008
-313.9432129
-313.9432129
-313.9432129
-312.1072877
-310.2713624
-308.4354372
-308.4354372
-308.4354372
-305.6815494
-302.9276616
-302.9276616
-302.9276616
-300.1737738
-297.4198859
-294.6659981
-291.9121103
-291.9121103
-291.9121103
-291.9121103
-291.9121103
-289.1582225
-286.4043346
-286.4043346
-286.4043346
-283.6504468
-280.8965589
-280.8965589
-280.8965589
-278.1426711
-275.3887833
-275.3887833
-275.3887833
-273.5528581
-271.7169328
-269.8810076
-269.8810076
-269.8810076
-269.8810076
-269.8810076
-267.1271198
-264.3732319
-261.6193441
-258.8654563
-258.8654563
-258.8654563
-256.1115685
-253.3576806
-253.3576806
-253.3576806
-253.3576806
-253.3576806
-253.3576806
-253.3576806
-250.6037928
-247.8499049
-247.8499049
-247.8499049
-247.8499049
-247.8499049
-245.0960171
-242.3421293
-242.3421293
-242.3421293
-242.3421293
-242.3421293
-242.3421293
-239.5882415
-236.8343536
-236.8343536
-236.8343536
-236.8343536
-236.8343536
-234.0804657
-231.3265779
-228.5726901
-225.8188023
-225.8188023
-225.8188023
-225.8188023
-225.8188023
-223.0649145
-220.3110266
-220.3110266
-220.3110266
-217.5571387
-214.8032509
-214.8032509
-214.8032509
-214.8032509
-214.8032509
-214.8032509
-214.8032509
-214.8032509
-214.8032509
-214.8032509
-214.8032509
-214.8032509
-214.8032509
-214.8032509
-214.8032509
-214.8032509
-214.8032509
-214.8032509
-212.0493631
-209.2954753
-209.2954753
-209.2954753
-209.2954753
-209.2954753
-209.2954753
-209.2954753
-209.2954753
-209.2954753
-206.5415875
-203.7876996
-203.7876996
-203.7876996
-203.7876996
-203.7876996
-203.7876996
-203.7876996
-203.7876996
-203.7876996
-203.7876996
-203.7876996
-203.7876996
-203.7876996
-203.7876996
-203.7876996
-203.7876996
-201.0338117
-198.2799239
-201.0338117
-203.7876996
-201.0338117
-198.2799239
-198.2799239
-198.2799239
-198.2799239
-198.2799239
-198.2799239
-198.2799239
-198.2799239
-198.2799239
-198.2799239
-198.2799239
-198.2799239
-198.2799239
-198.2799239
-198.2799239
-198.2799239
-195.5260361
-192.7721483
-192.7721483
-192.7721483
-192.7721483
-192.7721483
-192.7721483
-192.7721483
-192.7721483
-192.7721483
-192.7721483
-192.7721483
-190.0182605
-187.2643726
-187.2643726
-187.2643726
-187.2643726
-187.2643726
-187.2643726
-187.2643726
-187.2643726
-187.2643726
-187.2643726
-187.2643726
-184.5104848
-181.7565969
-181.7565969
-181.7565969
-181.7565969
-184.5104848
-187.2643726
-184.5104848
-181.7565969
-181.7565969
-181.7565969
-181.7565969
-181.7565969
-181.7565969
-181.7565969
-181.7565969
-181.7565969
-181.7565969
-181.7565969
-181.7565969
-181.7565969
-181.7565969
-181.7565969
-179.0027091
-176.2488213
-176.2488213
-176.2488213
-176.2488213
-176.2488213
-176.2488213
-176.2488213
-176.2488213
-176.2488213
-176.2488213
-176.2488213
-176.2488213
-176.2488213
-176.2488213
-176.2488213
-176.2488213
-173.4949335
-170.7410456
-170.7410456
-170.7410456
-170.7410456
-170.7410456
-170.7410456
-170.7410456
-170.7410456
-170.7410456
-170.7410456
-170.7410456
-170.7410456
-170.7410456
-170.7410456
-170.7410456
-170.7410456
-170.7410456
-168.9051204
-167.0691952
-165.23327
-165.23327
-165.23327
-165.23327
-165.23327
-165.23327
-165.23327
-165.23327
-165.23327
-165.23327
-165.23327
-165.23327
-165.23327
-165.23327
-165.23327
-162.4793822
-159.7254943
-159.7254943
-159.7254943
-159.7254943
-159.7254943
-159.7254943
-159.7254943
-159.7254943
-159.7254943
-159.7254943
-159.7254943
-159.7254943
-159.7254943
-159.7254943
-159.7254943
-159.7254943
-159.7254943
-159.7254943
-159.7254943
-159.7254943
-156.9716065
-154.2177186
-154.2177186
-154.2177186
-154.2177186
-154.2177186
-154.2177186
-154.2177186
-154.2177186
-154.2177186
-154.2177186
-154.2177186
-154.2177186
-154.2177186
-154.2177186
-154.2177186
-154.2177186
-154.2177186
-154.2177186
-154.2177186
-154.2177186
-154.2177186
-154.2177186
-154.2177186
-154.2177186
-154.2177186
-154.2177186
-154.2177186
-154.2177186
-154.2177186
-154.2177186
-154.2177186
-154.2177186
-154.2177186
-154.2177186
-154.2177186
-154.2177186
-154.2177186
-154.2177186
-154.2177186
-154.2177186
-154.2177186
-154.2177186
-154.2177186
-154.2177186
-151.4638308
-148.709943
-148.709943
-148.709943
-148.709943
-148.709943
-148.709943
-148.709943
-148.709943
-151.4638308
-154.2177186
-154.2177186
-154.2177186
-154.2177186
-154.2177186
-154.2177186
-154.2177186
-154.2177186
-154.2177186
-154.2177186
-154.2177186
-154.2177186
-154.2177186
-154.2177186
-154.2177186
-151.4638308
-148.709943
-148.709943
-148.709943
-148.709943
-148.709943
-146.8740178
-145.0380925
-143.2021673
-143.2021673
-143.2021673
-143.2021673
-143.2021673
-143.2021673
-143.2021673
-143.2021673
-143.2021673
-140.4482795
-137.6943916
-137.6943916
-137.6943916
-137.6943916
-137.6943916
-137.6943916
-137.6943916
-140.4482795
-143.2021673
-143.2021673
-143.2021673
-143.2021673
-143.2021673
-143.2021673
-143.2021673
-143.2021673
-143.2021673
-143.2021673
-143.2021673
-143.2021673
-143.2021673
-143.2021673
-143.2021673
-143.2021673
-143.2021673
-143.2021673
-143.2021673
-143.2021673
-143.2021673
-143.2021673
-143.2021673
-143.2021673
-143.2021673
-143.2021673
-143.2021673
-143.2021673
-143.2021673
-143.2021673
-143.2021673
-143.2021673
-143.2021673
-143.2021673
-143.2021673
-143.2021673
-143.2021673
-143.2021673
-143.2021673
-143.2021673
-143.2021673
-143.2021673
-143.2021673
-143.2021673
-143.2021673
-143.2021673
-143.2021673
-143.2021673
-143.2021673
-143.2021673
-143.2021673
-143.2021673
-143.2021673
-143.2021673
-143.2021673
-143.2021673
-143.2021673
-143.2021673
-143.2021673
-143.2021673
-143.2021673
-143.2021673
-143.2021673
-143.2021673
-143.2021673
-143.2021673
-143.2021673
-143.2021673
-143.2021673
-143.2021673
-143.2021673
-143.2021673
-143.2021673
-143.2021673
-143.2021673
-143.2021673
-143.2021673
-143.2021673
-143.2021673
-143.2021673
-143.2021673
-143.2021673
-143.2021673
-143.2021673
-143.2021673
-143.2021673
-143.2021673
-143.2021673
-143.2021673
-143.2021673
-143.2021673
-143.2021673
-143.2021673
-143.2021673
-140.4482795
-137.6943916
-139.5303168
-141.3662421
-143.2021673
-143.2021673
-143.2021673
-143.2021673
-143.2021673
-143.2021673
-143.2021673
-143.2021673
-143.2021673
-143.2021673
-143.2021673
-143.2021673
-143.2021673
-143.2021673
-143.2021673
-143.2021673
-143.2021673
-143.2021673
-143.2021673
-143.2021673
-143.2021673
-143.2021673
-143.2021673
-143.2021673
-143.2021673
-143.2021673
-143.2021673
-143.2021673
-143.2021673
-143.2021673
-143.2021673
-143.2021673
-143.2021673
-143.2021673
-143.2021673
-143.2021673
-143.2021673
-143.2021673
-143.2021673
-143.2021673
-143.2021673
-143.2021673
-143.2021673
-143.2021673
-143.2021673
-143.2021673
-143.2021673
-143.2021673
-143.2021673
-143.2021673
-143.2021673
-143.2021673
-143.2021673
-143.2021673
-143.2021673
-143.2021673
-143.2021673
-143.2021673
-143.2021673
-143.2021673
-143.2021673
-143.2021673
-143.2021673
-143.2021673
-143.2021673
-143.2021673
-143.2021673
-143.2021673
-143.2021673
-143.2021673
-143.2021673
-143.2021673
-143.2021673
-143.2021673
-143.2021673
-145.9560552
-148.709943
-148.709943
-148.709943
-148.709943
-148.709943
-148.709943
-148.709943
-148.709943
-148.709943
-148.709943
-148.709943
-148.709943
-148.709943
-148.709943
-148.709943
-148.709943
-148.709943
-148.709943
-151.4638308
-154.2177186
-154.2177186
-154.2177186
-154.2177186
-154.2177186
-154.2177186
-154.2177186
-154.2177186
-154.2177186
-154.2177186
-154.2177186
-154.2177186
-154.2177186
-154.2177186
-154.2177186
-154.2177186
-154.2177186
-154.2177186
-154.2177186
-154.2177186
-156.9716065
-159.7254943
-159.7254943
-159.7254943
-159.7254943
-159.7254943
-159.7254943
-159.7254943
-159.7254943
-159.7254943
-159.7254943
-159.7254943
-159.7254943
-159.7254943
-159.7254943
-159.7254943
-159.7254943
-159.7254943
-159.7254943
-159.7254943
-159.7254943
-159.7254943
-159.7254943
-159.7254943
-159.7254943
-159.7254943
-159.7254943
-159.7254943
-159.7254943
-159.7254943
-159.7254943
-159.7254943
-159.7254943
-162.4793822
-165.23327
-165.23327
-165.23327
-165.23327
-165.23327
-165.23327
-165.23327
-165.23327
-165.23327
-165.23327
-165.23327
-165.23327
-165.23327
-165.23327
-165.23327
-165.23327
-165.23327
-165.23327
-165.23327
-165.23327
-165.23327
-165.23327
-165.23327
-165.23327
-165.23327
-165.23327
-165.23327
-165.23327
-165.23327
-165.23327
-165.23327
-165.23327
-167.9871578
-170.7410456
-170.7410456
-170.7410456
-170.7410456
-170.7410456
-170.7410456
-170.7410456
-170.7410456
-170.7410456
-170.7410456
-170.7410456
-170.7410456
-170.7410456
-170.7410456
-170.7410456
-170.7410456
-170.7410456
-170.7410456
-170.7410456
-170.7410456
-159.7254943
-148.709943
-148.709943
-148.709943
-145.9560552
-143.2021673
-143.2021673
-143.2021673
-143.2021673
-143.2021673
-143.2021673
-143.2021673
-143.2021673
-143.2021673
-143.2021673
-140.4482795
-137.6943916
-137.6943916
-137.6943916
-137.6943916
-137.6943916
-137.6943916
-137.6943916
-134.9405038
-132.186616
-132.186616
-132.186616
-132.186616
-132.186616
-132.186616
-132.186616
-132.186616
-132.186616
-130.3506908
-128.5147655
-126.6788403
-126.6788403
-126.6788403
-126.6788403
-126.6788403
-126.6788403
-126.6788403
-123.9249525
-121.1710646
-121.1710646
-121.1710646
-121.1710646
-121.1710646
-121.1710646
-121.1710646
-121.1710646
-121.1710646
-118.4171768
-115.663289
-115.663289
-115.663289
-115.663289
-115.663289
-115.663289
-115.663289
-115.663289
-115.663289
-115.663289
-112.9094012
-110.1555133
-110.1555133
-110.1555133
-110.1555133
-110.1555133
-110.1555133
-110.1555133
-107.4016255
-104.6477376
















































































































































































































































































































































































































































































































































































































































































































































